1.428269743919372559e-01 1.282248944044113159e-01 8.088817447423934937e-02 6.723754107952117920e-02 9.542606770992279053e-02 2.152340710163116455e-01 7.011974602937698364e-02 4.254463419783860445e-05
0.000000000000000000e+00 0.000000000000000000e+00 0.000000000000000000e+00 8.000000119209289551e-01 0.000000000000000000e+00 0.000000000000000000e+00 0.000000000000000000e+00 0.000000000000000000e+00
1.455086916685104370e-01 1.809353753924369812e-02 2.118547074496746063e-02 2.509458959102630615e-01 3.297008872032165527e-01 2.581191994249820709e-02 8.753607980906963348e-03 0.000000000000000000e+00
2.143929898738861084e-02 1.355027258396148682e-01 1.960909217596054077e-01 1.431395262479782104e-01 1.433395296335220337e-01 9.555149823427200317e-02 4.099027439951896667e-02 2.394625172019004822e-02
2.404976449906826019e-02 8.305778354406356812e-02 1.647101789712905884e-01 2.793281376361846924e-01 1.462566852569580078e-01 8.149032294750213623e-02 2.070771902799606323e-02 3.994193102698773146e-04
1.322454679757356644e-02 1.505295466631650925e-02 3.950633108615875244e-02 8.945152908563613892e-02 2.370394021272659302e-01 3.101136088371276855e-01 9.153620153665542603e-02 4.075444769114255905e-03
2.182812429964542389e-03 2.423926815390586853e-02 2.258981764316558838e-01 4.508216977119445801e-01 8.401093631982803345e-02 9.368211030960083008e-03 3.456735284999012947e-03 2.216803477494977415e-05
8.332192152738571167e-02 6.178075820207595825e-02 7.855569571256637573e-02 1.445897370576858521e-01 3.016829192638397217e-01 1.181075498461723328e-01 1.196011342108249664e-02 1.349823719465348404e-06
3.918446600437164307e-02 3.445931375026702881e-01 2.320695221424102783e-01 9.483782202005386353e-02 8.004552125930786133e-02 4.508472979068756104e-03 1.437315251678228378e-03 3.323756856843829155e-03
3.523788154125213623e-01 1.220037713646888733e-01 1.037331223487854004e-01 1.046241670846939087e-01 7.670056074857711792e-02 2.788485400378704071e-02 5.781006067991256714e-03 6.893731653690338135e-03
1.617545336484909058e-01 1.951387375593185425e-01 6.582107394933700562e-02 7.029946893453598022e-02 8.832989633083343506e-02 9.594710171222686768e-02 1.194876953959465027e-01 3.221515566110610962e-03
7.969372719526290894e-02 1.222292557358741760e-01 2.440895587205886841e-01 2.524853646755218506e-01 9.843163937330245972e-02 2.356417942792177200e-03 6.316417711786925793e-04 8.238806185545399785e-05
7.078576833009719849e-02 9.427003562450408936e-02 1.546830087900161743e-01 1.859365552663803101e-01 1.287334710359573364e-01 8.059951663017272949e-02 7.370621711015701294e-02 1.128542982041835785e-02
2.875863388180732727e-02 1.283169835805892944e-01 7.414732128381729126e-02 1.711911410093307495e-01 2.547600865364074707e-01 1.388114094734191895e-01 4.014442209154367447e-03 0.000000000000000000e+00
3.254265757277607918e-03 7.742516696453094482e-02 3.271867930889129639e-01 1.391818374395370483e-01 8.080208301544189453e-02 8.571871370077133179e-02 6.319721788167953491e-02 2.323394268751144409e-02
1.941765546798706055e-01 2.508564591407775879e-01 1.412163376808166504e-01 7.966292649507522583e-02 2.356815896928310394e-02 5.896582826972007751e-02 5.155375599861145020e-02 0.000000000000000000e+00
1.034787669777870178e-01 7.003646343946456909e-02 5.290788039565086365e-02 8.640807121992111206e-02 2.535222470760345459e-01 1.391320824623107910e-01 9.436643123626708984e-02 1.480884238844737411e-04
1.400501877069473267e-01 2.377967387437820435e-01 8.274529874324798584e-02 1.375395208597183228e-01 1.486976146697998047e-01 2.527478151023387909e-02 2.734128013253211975e-02 5.545797175727784634e-04
2.325388975441455841e-02 3.487322479486465454e-02 9.910046309232711792e-02 6.417596340179443359e-02 8.020472526550292969e-02 3.428308367729187012e-01 1.493566334247589111e-01 6.204295903444290161e-03
1.357418368570506573e-03 3.559027239680290222e-02 2.650451660156250000e-01 3.600589036941528320e-01 5.501862987875938416e-02 7.234298437833786011e-02 1.018063724040985107e-02 4.059914499521255493e-04
4.589300975203514099e-02 4.198104143142700195e-02 4.729923978447914124e-02 1.417461633682250977e-01 1.449667960405349731e-01 2.944928109645843506e-01 8.190556615591049194e-02 1.715372549369931221e-03
5.605399608612060547e-02 1.409308761358261108e-01 1.847552359104156494e-01 1.654502302408218384e-01 1.251283138990402222e-01 9.023141860961914062e-02 3.614078089594841003e-02 1.309153041802346706e-03
4.175204411149024963e-02 9.525340050458908081e-02 3.006794452667236328e-01 3.013267815113067627e-01 5.568367242813110352e-02 2.986708423122763634e-03 1.515962881967425346e-03 8.020086097531020641e-04
3.456726297736167908e-02 1.202764883637428284e-01 1.247866675257682800e-01 2.048462480306625366e-01 1.346411854028701782e-01 1.013882160186767578e-01 6.922783702611923218e-02 1.026612054556608200e-02
2.014088444411754608e-02 3.435758873820304871e-02 2.312108501791954041e-02 4.674442857503890991e-02 3.374906480312347412e-01 2.155550271272659302e-01 1.206661388278007507e-01 1.924215699546039104e-03
1.642275415360927582e-02 8.310299366712570190e-02 1.633302718400955200e-01 2.277194112539291382e-01 2.204729318618774414e-01 7.703888416290283203e-02 1.140436157584190369e-02 5.084077711217105389e-04
2.563863694667816162e-01 1.537145376205444336e-01 8.815965801477432251e-02 7.169273495674133301e-02 9.428059309720993042e-02 9.522648900747299194e-02 3.876024112105369568e-02 1.779402839019894600e-03
1.089777499437332153e-01 1.662562936544418335e-01 1.999070346355438232e-01 1.126206293702125549e-01 1.138974428176879883e-01 5.975762009620666504e-02 2.551777660846710205e-02 1.306546758860349655e-02
2.942309379577636719e-01 1.197650805115699768e-01 8.137919753789901733e-02 4.437285289168357849e-02 7.211357355117797852e-02 1.566199213266372681e-01 3.091689385473728180e-02 6.015480030328035355e-04
9.710685350000858307e-03 1.022367030382156372e-01 2.276258021593093872e-01 1.931878179311752319e-01 1.375166773796081543e-01 8.595599979162216187e-02 3.276808932423591614e-02 1.099824812263250351e-02
4.116016626358032227e-02 4.960565567016601562e-01 2.010952532291412354e-01 6.069722399115562439e-02 7.154981140047311783e-04 1.992054021684452891e-04 7.610095053678378463e-05 0.000000000000000000e+00
1.653737276792526245e-01 2.587232887744903564e-01 1.624581068754196167e-01 1.101274639368057251e-01 6.294947117567062378e-02 3.476095572113990784e-02 4.565379582345485687e-03 1.041624578647315502e-03
8.851333707571029663e-02 3.169130980968475342e-01 1.687403619289398193e-01 8.490056544542312622e-02 4.734671488404273987e-02 8.381145447492599487e-02 6.764472927898168564e-03 3.010006621479988098e-03
2.765298187732696533e-01 2.672117352485656738e-01 1.111872941255569458e-01 4.223631694912910461e-02 3.930174931883811951e-02 3.458293154835700989e-02 2.354908362030982971e-02 5.401085596531629562e-03
1.400165855884552002e-01 2.432331889867782593e-01 1.249389275908470154e-01 8.388164639472961426e-02 4.269387200474739075e-02 2.573986910283565521e-02 6.420279294252395630e-02 7.529311627149581909e-02
8.925048634409904480e-03 1.393741276115179062e-02 5.929329618811607361e-02 2.060184478759765625e-01 2.474021017551422119e-01 1.454553306102752686e-01 1.072420403361320496e-01 1.172635611146688461e-02
3.445662325248122215e-03 2.695312537252902985e-02 4.370335862040519714e-02 2.365192398428916931e-02 2.145587280392646790e-02 2.969812452793121338e-01 3.838088214397430420e-01 0.000000000000000000e+00
3.368487358093261719e-01 1.271877884864807129e-01 5.530084297060966492e-02 7.472010701894760132e-02 1.263462901115417480e-01 7.777815312147140503e-02 1.390162506140768528e-03 4.279164713807404041e-04
1.074439212679862976e-01 1.323411464691162109e-01 5.655811354517936707e-02 1.329685896635055542e-01 6.133955717086791992e-02 2.515574097633361816e-01 5.758575722575187683e-02 2.055290242424234748e-04
1.055451035499572754e-01 1.739255487918853760e-01 2.095086127519607544e-01 1.997111886739730835e-01 7.282029837369918823e-02 2.821017242968082428e-02 8.116715587675571442e-03 2.162365010008215904e-03
5.950489547103643417e-03 4.007884114980697632e-02 4.654259234666824341e-02 1.272224634885787964e-01 2.714163959026336670e-01 2.283444702625274658e-01 7.250491529703140259e-02 7.939836941659450531e-03
5.622450262308120728e-02 2.373421937227249146e-02 4.915303736925125122e-02 1.700979769229888916e-01 2.387095540761947632e-01 1.930569112300872803e-01 6.875860691070556641e-02 2.652152616064995527e-04
1.491746306419372559e-02 4.105977714061737061e-02 1.192572861909866333e-01 1.626419275999069214e-01 1.940703243017196655e-01 1.893337219953536987e-01 7.651790231466293335e-02 2.201606752350926399e-03
1.500483751296997070e-01 1.135380268096923828e-01 1.398584693670272827e-01 1.332500129938125610e-01 1.451067775487899780e-01 1.111597791314125061e-01 7.026769220829010010e-03 1.179597074951743707e-05
3.558133542537689209e-02 8.323559165000915527e-02 8.886410295963287354e-02 8.383690565824508667e-02 8.614440262317657471e-02 1.311320811510086060e-01 2.905150353908538818e-01 6.905490881763398647e-04
1.694040149450302124e-01 2.760425508022308350e-01 1.560864299535751343e-01 3.931127116084098816e-02 3.300279751420021057e-02 6.903222203254699707e-02 2.336493134498596191e-02 3.375581651926040649e-02
6.760279834270477295e-02 2.732842862606048584e-01 2.506381273269653320e-01 1.292863190174102783e-01 6.126061081886291504e-02 1.089338399469852448e-02 7.008909713476896286e-03 2.558545747888274491e-05
1.793028600513935089e-02 5.978901311755180359e-02 9.208453446626663208e-02 4.519972577691078186e-02 1.692845374345779419e-01 3.395131528377532959e-01 6.609933823347091675e-02 1.009942498058080673e-02
2.892386354506015778e-02 4.409424960613250732e-02 5.507422238588333130e-02 2.125830203294754028e-01 3.258763551712036133e-01 1.238314658403396606e-01 9.589340537786483765e-03 2.746635618677828461e-05
3.137254971079528332e-04 3.672727569937705994e-02 1.322780698537826538e-01 1.658253073692321777e-01 1.674652546644210815e-01 2.935187220573425293e-01 3.871657652780413628e-03 0.000000000000000000e+00
1.285641193389892578e-01 2.496615201234817505e-01 5.078033730387687683e-02 1.366184204816818237e-01 1.683959960937500000e-01 6.476678699254989624e-02 1.212830189615488052e-03 0.000000000000000000e+00
3.720011189579963684e-02 1.191278919577598572e-01 2.073998451232910156e-01 2.362593412399291992e-01 1.571982651948928833e-01 3.578323870897293091e-02 6.211260799318552017e-03 8.200541487894952297e-04
6.995562463998794556e-02 1.008309721946716309e-01 4.932068660855293274e-02 3.729989752173423767e-02 7.996295392513275146e-02 3.935830295085906982e-01 6.885702908039093018e-02 1.898059126688167453e-04
9.737099026096984744e-05 3.287792205810546875e-02 6.279606819152832031e-01 9.435126930475234985e-02 1.499330531805753708e-02 1.081304810941219330e-02 1.045703515410423279e-02 8.449367247521877289e-03
1.818449236452579498e-02 3.420764952898025513e-02 1.074502840638160706e-01 4.527526497840881348e-01 1.429315209388732910e-01 2.203052304685115814e-02 1.147373113781213760e-02 1.096917502582073212e-02
6.435988325392827392e-05 3.958948552608489990e-01 2.087163180112838745e-01 1.182651668787002563e-01 2.480518631637096405e-02 1.305728871375322342e-02 1.215403061360120773e-02 2.704280428588390350e-02
1.178244501352310181e-01 5.733377486467361450e-02 2.057893760502338409e-02 5.927009135484695435e-02 7.841276377439498901e-02 1.307875365018844604e-01 3.196245729923248291e-01 1.616791076958179474e-02
1.700819581747055054e-01 3.137784898281097412e-01 1.801273524761199951e-01 8.545488864183425903e-02 2.800816856324672699e-02 1.036886777728796005e-02 7.234513293951749802e-03 4.945778753608465195e-03
5.535329133272171021e-02 8.242976665496826172e-02 8.879299461841583252e-02 1.290272623300552368e-01 1.445099413394927979e-01 1.196183562278747559e-01 1.468179076910018921e-01 3.345049917697906494e-02
2.148475497961044312e-01 1.405641138553619385e-01 1.003195419907569885e-01 8.913025259971618652e-02 1.342633217573165894e-01 1.047709211707115173e-01 1.594436354935169220e-02 1.599522365722805262e-04
9.251087903976440430e-02 1.153334975242614746e-01 7.852295041084289551e-02 1.383626312017440796e-01 1.853882670402526855e-01 1.628040224313735962e-01 2.628420293331146240e-02 7.935672183521091938e-04
4.256110638380050659e-02 1.334480792284011841e-01 1.636288911104202271e-01 1.600507944822311401e-01 1.176423355937004089e-01 1.102356538176536560e-01 6.332348287105560303e-02 9.109659120440483093e-03
1.833866238594055176e-01 3.140274286270141602e-01 7.605471462011337280e-02 5.663374811410903931e-02 4.404141008853912354e-02 3.386665508151054382e-02 4.745572805404663086e-02 4.453371092677116394e-02
2.161602862179279327e-02 2.177362293004989624e-01 2.046284228563308716e-01 1.297661811113357544e-01 9.020255506038665771e-02 7.503714412450790405e-02 3.847670182585716248e-02 2.253674343228340149e-02
8.410236239433288574e-02 2.005562037229537964e-01 1.584607809782028198e-01 1.273921132087707520e-01 1.205741763114929199e-01 7.731705904006958008e-02 2.433992549777030945e-02 7.257380522787570953e-03
6.910106632858514786e-03 1.707224547863006592e-02 5.009364709258079529e-02 1.254766285419464111e-01 2.418716251850128174e-01 2.983903586864471436e-01 5.545363575220108032e-02 4.731799941509962082e-03
1.413095649331808090e-02 1.522494256496429443e-01 1.892502009868621826e-01 2.907308042049407959e-01 7.182044535875320435e-02 3.512557223439216614e-02 4.656409844756126404e-02 1.285126054426655173e-04
2.150849811732769012e-02 9.007468074560165405e-02 1.074410602450370789e-01 1.018132716417312622e-01 7.971841841936111450e-02 2.762903869152069092e-01 1.231527253985404968e-01 9.659794386607245542e-07
3.979727253317832947e-02 2.717563323676586151e-02 5.418232828378677368e-02 1.342855989933013916e-01 2.505669295787811279e-01 2.220872491598129272e-01 7.190501689910888672e-02 0.000000000000000000e+00
1.523932069540023804e-01 1.837712079286575317e-01 1.524700820446014404e-01 1.307317614555358887e-01 8.754076808691024780e-02 5.183835700154304504e-02 2.822109498083591461e-02 1.303353812545537949e-02
3.246361017227172852e-02 9.899374097585678101e-02 1.317262351512908936e-01 1.737334877252578735e-01 2.601183056831359863e-01 8.983954042196273804e-02 8.696342818439006805e-03 4.428776446729898453e-03
4.023389518260955811e-01 6.098274141550064087e-02 5.023902654647827148e-02 8.048620074987411499e-02 1.228026077151298523e-01 5.995291471481323242e-02 2.117224410176277161e-02 2.025320427492260933e-03
1.739664077758789062e-01 1.750402897596359253e-01 1.287028044462203979e-01 1.083778366446495056e-01 1.005251929163932800e-01 9.979414194822311401e-02 9.995440952479839325e-03 3.597886534407734871e-03
1.833096742630004883e-01 2.014413177967071533e-01 3.630861267447471619e-02 3.393539041280746460e-02 6.546515226364135742e-02 1.695045530796051025e-01 1.071190163493156433e-01 2.916302299126982689e-03
6.451613444369286299e-05 1.985897868871688843e-01 3.889434039592742920e-01 1.636798530817031860e-01 4.149178415536880493e-02 2.066950779408216476e-03 1.388314063660800457e-03 3.775410819798707962e-03
1.785243861377239227e-02 1.691886782646179199e-01 1.247787699103355408e-01 1.186522766947746277e-01 3.470996767282485962e-02 1.691516786813735962e-01 1.656662076711654663e-01 0.000000000000000000e+00
1.186405047774314880e-01 1.917404383420944214e-01 1.742677241563796997e-01 1.243997588753700256e-01 8.529924601316452026e-02 5.307627469301223755e-02 2.987830899655818939e-02 2.269775234162807465e-02
6.949459761381149292e-02 9.988795965909957886e-02 4.191870242357254028e-02 2.675649337470531464e-02 6.644343584775924683e-02 2.396755069494247437e-01 2.553624510765075684e-01 4.608683811966329813e-04
3.344773128628730774e-02 1.133340522646903992e-01 1.398296356201171875e-01 1.514338403940200806e-01 1.585599780082702637e-01 1.257078349590301514e-01 5.184383317828178406e-02 2.584311179816722870e-02
7.847272604703903198e-02 1.090114861726760864e-01 1.963517963886260986e-01 2.053778469562530518e-01 1.716804951429367065e-01 3.908940404653549194e-02 1.625339064048603177e-05 0.000000000000000000e+00
2.649070918560028076e-01 2.848621308803558350e-01 1.453063488006591797e-01 1.006509661674499512e-01 3.860022872686386108e-03 4.134611808694899082e-04 0.000000000000000000e+00 0.000000000000000000e+00
1.356705278158187866e-01 1.072681173682212830e-01 9.826587140560150146e-02 1.265868693590164185e-01 1.484587937593460083e-01 1.253259479999542236e-01 5.001304298639297485e-02 8.410866372287273407e-03
1.006744503974914551e-01 1.772647798061370850e-01 2.108744829893112183e-01 1.534563153982162476e-01 1.071285232901573181e-01 4.356319829821586609e-02 6.481227930635213852e-03 5.570321227423846722e-04
2.712556421756744385e-01 1.062592640519142151e-01 5.048797931522130966e-03 2.651308849453926086e-02 4.734420776367187500e-02 2.360188961029052734e-01 1.072055697441101074e-01 3.545194340404123068e-04
6.410211324691772461e-02 1.739432513713836670e-01 1.747182458639144897e-01 1.168622002005577087e-01 1.350682228803634644e-01 1.019580960273742676e-01 2.624724619090557098e-02 7.100615650415420532e-03
4.156066104769706726e-02 1.349107474088668823e-01 1.443079113960266113e-01 1.270981281995773315e-01 1.306253075599670410e-01 1.540498584508895874e-01 6.679982692003250122e-02 6.475513218902051449e-04
1.575416326522827148e-01 1.470936238765716553e-01 1.759558171033859253e-01 1.012032553553581238e-01 1.006524935364723206e-01 6.095166876912117004e-02 5.652302503585815430e-02 7.849983376218006015e-05
1.627977937459945679e-01 1.012358590960502625e-01 9.976734966039657593e-02 2.842838168144226074e-01 1.092130765318870544e-01 4.148861020803451538e-02 1.213519950397312641e-03 0.000000000000000000e+00
1.257431060075759888e-01 2.558172941207885742e-01 2.131646424531936646e-01 1.104743853211402893e-01 4.956504702568054199e-02 3.134638443589210510e-02 9.551189839839935303e-03 4.337966907769441605e-03
1.316100209951400757e-01 2.595407068729400635e-01 7.029715180397033691e-02 9.897188842296600342e-02 9.388492256402969360e-02 1.420082449913024902e-01 3.462089691311120987e-03 2.249936369480565190e-04
5.911624059081077576e-02 2.582435309886932373e-02 3.221040219068527222e-02 5.701928213238716125e-02 2.119308561086654663e-01 2.999831140041351318e-01 1.138466745615005493e-01 6.907985516590997577e-05
6.635300070047378540e-02 2.279946058988571167e-01 1.975502073764801025e-01 1.756848990917205811e-01 2.958467975258827209e-02 1.004255935549736023e-01 2.407023450359702110e-03 0.000000000000000000e+00
1.859966665506362915e-02 4.428784847259521484e-01 2.522743642330169678e-01 7.542113214731216431e-02 8.119393140077590942e-03 1.690878765657544136e-03 9.795983787626028061e-04 3.651663064374588430e-05
1.073316708207130432e-01 2.023951262235641479e-01 1.299375891685485840e-01 9.644962102174758911e-02 1.046917662024497986e-01 9.502669423818588257e-02 5.282643437385559082e-02 1.134109962731599808e-02
4.683394357562065125e-02 1.200449615716934204e-01 1.141726747155189514e-01 1.497688889503479004e-01 2.173192948102951050e-01 1.040252968668937683e-01 3.134528920054435730e-02 1.648964919149875641e-02
5.380808189511299133e-02 9.548392891883850098e-02 1.126409545540809631e-01 1.198172718286514282e-01 2.016804516315460205e-01 1.795858591794967651e-01 3.411845862865447998e-02 2.865013899281620979e-03
1.173352524638175964e-01 1.723486483097076416e-01 1.241972818970680237e-01 9.597364068031311035e-02 1.469074338674545288e-01 1.055501848459243774e-01 2.705957554280757904e-02 1.062799990177154541e-02
2.676468866411596537e-04 7.024861872196197510e-03 2.905185334384441376e-02 4.821119830012321472e-02 1.314424276351928711e-01 5.211223959922790527e-01 6.287268549203872681e-02 6.951866907911607996e-06
6.980205420404672623e-03 1.261405795812606812e-01 1.716012805700302124e-01 1.779525727033615112e-01 2.111047059297561646e-01 1.052342429757118225e-01 9.864364983513951302e-04 0.000000000000000000e+00
2.420912235975265503e-01 1.183489188551902771e-01 9.083253145217895508e-02 1.303684115409851074e-01 1.063783690333366394e-01 7.613382488489151001e-02 2.293215133249759674e-02 1.291456818580627441e-02
2.514682819310110062e-05 1.778939552605152130e-02 6.903201341629028320e-02 1.121581569314002991e-01 2.981725633144378662e-01 2.060656845569610596e-01 9.671999514102935791e-02 3.705848575918935239e-05
9.690707176923751831e-02 1.434286236763000488e-01 1.271544694900512695e-01 1.128507778048515320e-01 2.248133718967437744e-01 9.080164879560470581e-02 3.993356134742498398e-03 5.070373299531638622e-05
5.874380469322204590e-02 1.269417256116867065e-01 8.433385938405990601e-02 5.816229060292243958e-02 4.443199560046195984e-02 1.034271046519279480e-01 9.684807062149047852e-02 2.271111458539962769e-01
6.284680962562561035e-02 2.144878953695297241e-01 1.885590404272079468e-01 1.358033716678619385e-01 9.396543353796005249e-02 6.293018162250518799e-02 2.448670379817485809e-02 1.692060939967632294e-02
1.001558080315589905e-01 1.629099994897842407e-01 1.524104923009872437e-01 1.664447933435440063e-01 1.796841472387313843e-01 3.441954776644706726e-02 3.163772402331233025e-03 8.114379015751183033e-04
9.563746303319931030e-02 1.544317156076431274e-01 1.590074151754379272e-01 1.733707487583160400e-01 1.690486073493957520e-01 4.774448648095130920e-02 7.595713832415640354e-04 0.000000000000000000e+00
1.545074628666043282e-03 3.284358233213424683e-02 1.359367221593856812e-01 2.467373162508010864e-01 1.631814986467361450e-01 1.463606059551239014e-01 6.678328663110733032e-02 6.611940450966358185e-03
4.705580358859151602e-04 6.891446560621261597e-02 4.024336040019989014e-01 2.165586501359939575e-01 7.917082309722900391e-02 2.990800514817237854e-02 6.321943365037441254e-04 1.911689178086817265e-03
1.436231937259435654e-02 2.304236404597759247e-02 2.421070262789726257e-02 8.574024587869644165e-02 2.206131517887115479e-01 2.939253151416778564e-01 1.381025761365890503e-01 3.344481683598132804e-06
7.786998990923166275e-03 2.036846429109573364e-01 3.314317166805267334e-01 1.274263858795166016e-01 6.369610130786895752e-02 4.322680830955505371e-02 1.939541287720203400e-02 3.351939842104911804e-03
3.868765532970428467e-01 2.290421575307846069e-01 1.078560724854469299e-01 5.125603824853897095e-02 1.839413680136203766e-02 6.531734019517898560e-03 4.331167656346224248e-05 0.000000000000000000e+00
3.230394795536994934e-02 1.502532064914703369e-01 1.330448836088180542e-01 1.316889673471450806e-01 1.451362818479537964e-01 1.781697869300842285e-01 2.736619487404823303e-02 2.036734018474817276e-03
4.500729963183403015e-02 4.616801440715789795e-02 1.043080613017082214e-01 2.762329280376434326e-01 3.071143329143524170e-01 2.115331217646598816e-02 1.606522528163623065e-05 0.000000000000000000e+00
1.432772278785705566e-01 1.383843123912811279e-01 1.778189390897750854e-01 1.447598785161972046e-01 9.575921297073364258e-02 5.159597471356391907e-02 3.960666060447692871e-02 8.797805756330490112e-03
1.896412111818790436e-03 4.663252457976341248e-02 1.441101729869842529e-01 1.044193431735038757e-01 3.787105530500411987e-02 3.077163398265838623e-01 1.561371833086013794e-01 1.216997974552214146e-03
8.876289427280426025e-02 3.574055731296539307e-01 1.719807088375091553e-01 5.823821946978569031e-02 7.924007624387741089e-02 4.402820393443107605e-02 3.443413588684052229e-04 0.000000000000000000e+00
3.191808238625526428e-02 5.166867375373840332e-02 5.551934242248535156e-02 8.912789821624755859e-02 2.246387451887130737e-01 3.161587417125701904e-01 2.764814905822277069e-02 3.320379648357629776e-03
1.460014134645462036e-01 1.378198415040969849e-01 7.059381157159805298e-02 4.575642943382263184e-02 5.551422387361526489e-02 2.223283052444458008e-01 1.219801828265190125e-01 5.802071882499149069e-06
1.037843227386474609e-01 1.394057124853134155e-01 1.340396851301193237e-01 6.067789345979690552e-02 1.419410575181245804e-02 7.528392225503921509e-02 2.725285887718200684e-01 8.579489804105833173e-05
1.872303895652294159e-02 8.008658140897750854e-02 1.659921258687973022e-01 2.456676959991455078e-01 1.808886080980300903e-01 7.978962361812591553e-02 2.649837546050548553e-02 2.353984164074063301e-03
2.743845246732234955e-02 4.240198805928230286e-02 4.421183466911315918e-02 1.266243308782577515e-01 5.186250209808349609e-01 3.141243010759353638e-02 5.739085841923952103e-03 3.546881256625056267e-03
5.760527849197387695e-01 6.417204439640045166e-02 2.717611566185951233e-02 2.517482638359069824e-02 2.774098329246044159e-02 3.757394850254058838e-02 3.414938971400260925e-02 7.959941402077674866e-03
5.975883081555366516e-02 1.937384903430938721e-01 1.511606425046920776e-01 1.280626505613327026e-01 1.542881429195404053e-01 9.654955565929412842e-02 1.239067129790782928e-02 4.051042255014181137e-03
3.364013135433197021e-01 1.468573063611984253e-01 7.643064111471176147e-02 7.688531279563903809e-02 6.860434263944625854e-02 5.670014023780822754e-02 2.094171755015850067e-02 1.717925630509853363e-02
7.440476474585011601e-05 1.009592339396476746e-01 4.485199451446533203e-01 1.621766984462738037e-01 5.075689777731895447e-02 2.205699682235717773e-02 1.387568563222885132e-02 1.580164418555796146e-03
9.944277256727218628e-02 9.023084491491317749e-02 1.950057446956634521e-01 1.496709436178207397e-01 8.611460030078887939e-02 8.144965022802352905e-02 8.586640655994415283e-02 1.221904903650283813e-02
1.104568466544151306e-01 1.799078732728958130e-01 8.819163590669631958e-02 8.728476613759994507e-02 1.391384899616241455e-01 1.306662559509277344e-01 5.175461992621421814e-02 1.259952224791049957e-02
1.054584532976150513e-01 1.026935204863548279e-01 1.205199882388114929e-01 1.658432334661483765e-01 1.177217736840248108e-01 8.165008574724197388e-02 7.033244520425796509e-02 3.578050062060356140e-02
1.324419230222702026e-01 4.103558063507080078e-01 2.030852288007736206e-01 2.880601584911346436e-02 1.179088186472654343e-02 6.119787693023681641e-03 3.852833528071641922e-03 3.547523869201540947e-03
1.888643354177474976e-01 1.785792708396911621e-01 2.386377155780792236e-01 1.348581761121749878e-01 1.611956581473350525e-02 1.005221158266067505e-02 1.123216655105352402e-02 2.165656536817550659e-02
1.112491637468338013e-01 1.918595880270004272e-01 1.364039480686187744e-01 1.501323133707046509e-01 1.253294497728347778e-01 5.843017250299453735e-02 2.258344739675521851e-02 4.011954180896282196e-03
1.672049015760421753e-01 2.569306790828704834e-01 1.476259976625442505e-01 1.250241994857788086e-01 5.581059679388999939e-02 2.112854085862636566e-02 1.202958635985851288e-02 1.424552220851182938e-02
2.592837810516357422e-02 1.451380997896194458e-01 1.770596951246261597e-01 2.055892199277877808e-01 1.315362453460693359e-01 8.216124027967453003e-02 2.992458641529083252e-02 2.662532730028033257e-03
2.947423458099365234e-01 2.044054716825485229e-01 1.009260043501853943e-01 5.725273117423057556e-02 6.218120455741882324e-02 7.371173799037933350e-02 6.780495401471853256e-03 0.000000000000000000e+00
1.873767673969268799e-01 6.685522943735122681e-02 5.119012668728828430e-02 6.749927252531051636e-02 1.887441128492355347e-01 1.748418062925338745e-01 6.349269300699234009e-02 0.000000000000000000e+00
6.671028584241867065e-02 1.494080871343612671e-01 1.522154659032821655e-01 1.972956508398056030e-01 1.336816996335983276e-01 6.771197170019149780e-02 2.378798089921474457e-02 9.188867174088954926e-03
1.221593171358108521e-01 2.854059338569641113e-01 1.421860754489898682e-01 1.454437375068664551e-01 7.309987396001815796e-02 2.102486789226531982e-02 1.065131928771734238e-02 2.888148083002306521e-05
3.935837745666503906e-02 1.200926303863525391e-01 1.391244977712631226e-01 1.786381155252456665e-01 1.840596348047256470e-01 1.045276895165443420e-01 2.867353893816471100e-02 5.525521002709865570e-03
1.051626354455947876e-01 2.813049256801605225e-01 1.273674815893173218e-01 1.001100167632102966e-01 8.887868374586105347e-02 5.653599649667739868e-02 3.127289935946464539e-02 9.367348626255989075e-03
4.621748924255371094e-01 1.415021568536758423e-01 8.488816022872924805e-02 3.907613456249237061e-02 4.245692864060401917e-02 2.944201789796352386e-02 4.597192746587097645e-04 0.000000000000000000e+00
1.051591783761978149e-01 1.735017597675323486e-01 1.591622531414031982e-01 1.480010598897933960e-01 1.137613654136657715e-01 6.517095118761062622e-02 2.574181929230690002e-02 9.501639753580093384e-03
6.351575255393981934e-02 4.448686912655830383e-02 7.456130534410476685e-02 7.127540558576583862e-02 1.452929228544235229e-01 3.937290310859680176e-01 7.046164479106664658e-03 9.256045450456440449e-05
2.678722143173217773e-01 9.801252931356430054e-02 1.432609409093856812e-01 2.136922925710678101e-01 7.563452422618865967e-02 1.501568243838846684e-03 2.438376941427122802e-05 1.573146505506883841e-06
1.295791715383529663e-01 1.160018369555473328e-01 8.496952056884765625e-02 1.118746623396873474e-01 1.998566836118698120e-01 1.464219689369201660e-01 1.129617169499397278e-02 0.000000000000000000e+00
2.231773547828197479e-02 3.153080344200134277e-01 2.058272212743759155e-01 6.490217894315719604e-02 1.000275760889053345e-01 4.754356667399406433e-02 3.257201239466667175e-02 1.150169502943754196e-02
7.410048693418502808e-02 1.302399784326553345e-01 2.325331270694732666e-01 2.215037345886230469e-01 1.232063695788383484e-01 1.837805658578872681e-02 3.824587838607840240e-05 0.000000000000000000e+00
5.938486009836196899e-02 1.591654270887374878e-01 1.832014620304107666e-01 1.824324876070022583e-01 1.268942952156066895e-01 5.209059268236160278e-02 2.886849083006381989e-02 7.962401956319808960e-03
4.468730092048645020e-02 4.741128906607627869e-02 1.046260371804237366e-01 1.508121788501739502e-01 9.594307839870452881e-02 1.584735512733459473e-01 1.703122109174728394e-01 2.773436345160007477e-02
8.246825891546905041e-04 6.796015053987503052e-02 1.930310130119323730e-01 1.212399154901504517e-01 1.182336434721946716e-01 1.539026200771331787e-01 1.122847571969032288e-01 3.252322226762771606e-02
6.806626170873641968e-02 1.421816945075988770e-01 1.361616402864456177e-01 1.762757152318954468e-01 1.319844573736190796e-01 9.429465979337692261e-02 4.968053847551345825e-02 1.355044078081846237e-03
4.780874773859977722e-02 9.248089045286178589e-02 1.217063590884208679e-01 8.953006565570831299e-02 2.197018414735794067e-01 1.723606437444686890e-01 5.171428248286247253e-02 4.697170108556747437e-03
1.079520508646965027e-01 1.003575101494789124e-01 7.126250118017196655e-02 1.095090508460998535e-01 2.194837629795074463e-01 1.601236909627914429e-01 3.125457093119621277e-02 5.688301098416559398e-05
1.273465007543563843e-01 8.939979225397109985e-02 9.005331248044967651e-02 6.858982890844345093e-02 1.526299715042114258e-01 1.561952233314514160e-01 9.231845289468765259e-02 2.346694283187389374e-02
2.689679861068725586e-01 3.246327936649322510e-01 8.631250262260437012e-02 3.555360808968544006e-02 4.203101620078086853e-02 3.713910654187202454e-02 4.748872481286525726e-03 6.141112535260617733e-04
1.309054344892501831e-01 1.454991549253463745e-01 1.264519095420837402e-01 1.076389774680137634e-01 1.390147507190704346e-01 1.062453761696815491e-01 3.740192577242851257e-02 6.842498667538166046e-03
7.417909055948257446e-02 3.738584220409393311e-01 1.552250534296035767e-01 4.583419486880302429e-02 6.337270885705947876e-02 7.611098885536193848e-02 1.002892758697271347e-02 1.390635501593351364e-03
8.321443945169448853e-02 1.397702991962432861e-01 1.340069919824600220e-01 1.397496163845062256e-01 1.395534276962280273e-01 1.060115620493888855e-01 5.508846044540405273e-02 2.605221932753920555e-03
2.035015672445297241e-01 3.635377287864685059e-01 1.095018908381462097e-01 5.601402744650840759e-02 3.636363893747329712e-02 2.850567176938056946e-02 2.570003969594836235e-03 5.479752417159033939e-06
7.726069539785385132e-02 2.691740691661834717e-01 5.665686726570129395e-02 8.816622197628021240e-02 1.255945861339569092e-01 1.318545937538146973e-01 5.129299312829971313e-02 0.000000000000000000e+00
1.608757651410996914e-03 1.074582561850547791e-01 7.198213785886764526e-02 2.448294870555400848e-02 2.138795331120491028e-02 7.591880112886428833e-02 1.283365935087203979e-01 3.688245713710784912e-01
1.887303590774536133e-01 1.306150257587432861e-01 1.043411716818809509e-01 1.178945899009704590e-01 1.189516112208366394e-01 9.082638472318649292e-02 3.862012550234794617e-02 1.002073939889669418e-02
2.155650965869426727e-02 5.318475514650344849e-02 1.512263268232345581e-01 2.853231430053710938e-01 1.646355837583541870e-01 8.860158175230026245e-02 3.132335841655731201e-02 4.148738458752632141e-03
6.477138400077819824e-02 2.289665490388870239e-01 2.067873924970626831e-01 1.613941490650177002e-01 1.076330170035362244e-01 2.889994718134403229e-02 1.539324992336332798e-03 8.231684660131577402e-06
8.972348272800445557e-02 1.422902494668960571e-01 1.617265492677688599e-01 1.726018041372299194e-01 1.629016697406768799e-01 6.011662632226943970e-02 8.017688989639282227e-03 2.621958497911691666e-03
8.397184428758919239e-04 4.842747747898101807e-02 4.711577892303466797e-01 2.030726671218872070e-01 6.852949410676956177e-02 7.958392612636089325e-03 1.447790418751537800e-05 0.000000000000000000e+00
1.272468548268079758e-02 1.685339026153087616e-02 1.924221031367778778e-02 4.605997726321220398e-02 1.551367789506912231e-01 5.063682198524475098e-01 4.361473396420478821e-02 0.000000000000000000e+00
8.014700561761856079e-02 1.138137206435203552e-01 1.080904155969619751e-01 2.351523190736770630e-01 6.961662322282791138e-02 6.164584308862686157e-02 5.410585552453994751e-02 7.742822915315628052e-02
5.126339197158813477e-02 1.219228059053421021e-01 2.785222530364990234e-01 1.461195349693298340e-01 9.880185127258300781e-02 8.898620307445526123e-02 1.311178039759397507e-02 1.272170105949044228e-03
1.231656447052955627e-01 1.023874655365943909e-01 8.651475608348846436e-02 9.434412419795989990e-02 1.206947490572929382e-01 1.773777008056640625e-01 9.205484390258789062e-02 3.460724372416734695e-03
1.024442911148071289e-01 2.525201737880706787e-01 1.430885493755340576e-01 1.534302681684494019e-01 8.054799586534500122e-02 3.906067460775375366e-02 1.684540323913097382e-02 1.206267531961202621e-02
1.388137042522430420e-01 2.254721671342849731e-01 2.280246764421463013e-01 1.213729605078697205e-01 3.355709835886955261e-02 3.312126174569129944e-02 1.961658522486686707e-02 2.155668698833324015e-05
2.263183891773223877e-01 3.361169993877410889e-01 9.630443900823593140e-02 4.691208899021148682e-02 4.366728663444519043e-02 2.967768348753452301e-02 1.873350515961647034e-02 2.269637538120150566e-03
1.122241392731666565e-01 1.122854575514793396e-01 3.459127843379974365e-01 1.644417643547058105e-01 5.833980441093444824e-02 6.782347802072763443e-03 1.369907749904086813e-05 0.000000000000000000e+00
3.340786397457122803e-01 1.575987935066223145e-01 6.436076015233993530e-02 4.899993166327476501e-02 4.595227167010307312e-02 7.902611792087554932e-02 5.982489138841629028e-02 1.015859656035900116e-02
8.128668367862701416e-02 1.641842573881149292e-01 2.352084666490554810e-01 1.922583878040313721e-01 9.960301220417022705e-02 1.894399523735046387e-02 6.042783148586750031e-03 2.472424181178212166e-03
8.239553868770599365e-02 2.196479588747024536e-02 1.156698912382125854e-02 1.990787833929061890e-01 2.770524322986602783e-01 1.969530731439590454e-01 1.098670251667499542e-02 1.721918692965118680e-06
3.598200855776667595e-03 2.025368623435497284e-02 3.314865231513977051e-01 2.070975303649902344e-01 8.631444722414016724e-02 9.222412109375000000e-02 4.724083468317985535e-02 1.178468670696020126e-02
1.765472255647182465e-02 1.335957646369934082e-02 8.867718279361724854e-02 3.323817551136016846e-01 2.456680089235305786e-01 9.890452772378921509e-02 3.352022962644696236e-03 2.205278406108845957e-06
6.353556364774703979e-02 8.512523025274276733e-02 5.647773295640945435e-02 6.024684384465217590e-02 2.127817422151565552e-01 2.386111021041870117e-01 7.924799621105194092e-02 3.973805345594882965e-03
1.526763290166854858e-01 4.229025542736053467e-01 8.136650174856185913e-02 7.225459069013595581e-02 3.549636527895927429e-02 1.447157002985477448e-02 3.888843348249793053e-03 1.694325916469097137e-02
3.053899705410003662e-01 2.294000238180160522e-01 6.276339292526245117e-02 1.174994111061096191e-01 7.697518914937973022e-02 7.616207934916019440e-03 3.258599608670920134e-04 2.997296724061015993e-05
5.197305604815483093e-02 8.810547739267349243e-02 9.733485430479049683e-02 1.019964590668678284e-01 2.255388349294662476e-01 1.727781444787979126e-01 6.227318197488784790e-02 0.000000000000000000e+00
4.259533248841762543e-03 3.165909275412559509e-02 8.855757117271423340e-02 1.196961998939514160e-01 8.639096468687057495e-02 3.907946646213531494e-01 7.530364394187927246e-02 3.338353708386421204e-03
5.715740844607353210e-03 6.701319664716720581e-02 1.318511813879013062e-01 1.704860776662826538e-01 1.654687970876693726e-01 2.429796904325485229e-01 1.648534648120403290e-02 0.000000000000000000e+00
3.275775583460927010e-03 1.761734671890735626e-02 1.501618027687072754e-01 3.722259998321533203e-01 2.029694169759750366e-01 5.122755095362663269e-02 2.421791432425379753e-03 1.003335491986945271e-04
1.023879274725914001e-01 3.895687460899353027e-01 1.225882992148399353e-01 4.032662510871887207e-02 6.377595663070678711e-02 4.168056696653366089e-02 3.859467431902885437e-02 1.077221473678946495e-03
8.635340782348066568e-05 2.454947680234909058e-02 6.902209669351577759e-02 2.800545096397399902e-02 1.222053822129964828e-02 1.734350025653839111e-01 4.013651311397552490e-01 9.131597727537155151e-02
1.022076010704040527e-01 2.179846763610839844e-01 2.293957322835922241e-01 1.135292276740074158e-01 5.751836299896240234e-02 2.609773352742195129e-02 3.577515110373497009e-02 1.749153621494770050e-02
5.746436119079589844e-02 1.596521884202957153e-01 1.196285486221313477e-01 4.907875135540962219e-02 1.705416887998580933e-01 1.556168198585510254e-01 7.460724562406539917e-02 1.341041177511215210e-02
8.501001633703708649e-03 6.597710400819778442e-02 8.753358572721481323e-02 8.826821297407150269e-02 5.112917348742485046e-02 4.935944452881813049e-02 4.390620887279510498e-01 1.016940642148256302e-02
1.420826166868209839e-01 9.195594489574432373e-02 6.517422199249267578e-02 1.075412258505821228e-01 1.746445149183273315e-01 1.637654602527618408e-01 5.480498075485229492e-02 3.103867129539139569e-05
7.090394943952560425e-02 6.236002966761589050e-02 9.203669428825378418e-02 1.408569067716598511e-01 1.317187994718551636e-01 1.935082376003265381e-01 1.034493073821067810e-01 5.166101735085248947e-03
7.248308509588241577e-02 1.378073841333389282e-01 1.890997737646102905e-01 1.242380887269973755e-01 1.275223940610885620e-01 8.386143296957015991e-02 5.876857787370681763e-02 6.219290196895599365e-03
3.470953926444053650e-02 8.899282664060592651e-02 2.015985995531082153e-01 1.746657043695449829e-01 1.020042523741722107e-01 9.830673038959503174e-02 9.831275045871734619e-02 1.409610616974532604e-03
7.471243152394890785e-04 1.961236260831356049e-02 1.520474720746278763e-02 2.822956815361976624e-02 5.931063890457153320e-01 1.394960731267929077e-01 3.010840853676199913e-03 5.929513718001544476e-04
7.316587865352630615e-02 1.356727033853530884e-01 1.551972180604934692e-01 1.564161777496337891e-01 1.715646684169769287e-01 9.159155189990997314e-02 1.615659333765506744e-02 2.352249430259689689e-04
9.691220521926879883e-02 2.447035759687423706e-01 1.913665235042572021e-01 1.456852406263351440e-01 6.778865307569503784e-02 5.297097191214561462e-02 3.337963426019996405e-04 2.390412701060995460e-04
6.561206281185150146e-02 9.674734622240066528e-02 1.065603047609329224e-01 1.464165896177291870e-01 1.598883122205734253e-01 1.658204048871994019e-01 5.620151758193969727e-02 2.753467764705419540e-03
3.224330721423029900e-04 3.770019710063934326e-01 2.482444047927856445e-01 1.002570763230323792e-01 3.271243348717689514e-02 1.531411893665790558e-02 2.516575530171394348e-02 9.818231919780373573e-04
3.357910811901092529e-01 1.713384687900543213e-01 2.321076393127441406e-02 4.374747350811958313e-02 9.065698832273483276e-02 9.856875240802764893e-02 3.579070419073104858e-02 8.958047255873680115e-04
4.172577708959579468e-02 9.121785312891006470e-02 1.145033016800880432e-01 1.418777704238891602e-01 1.904739290475845337e-01 1.620502918958663940e-01 5.586737394332885742e-02 2.283717272803187370e-03
1.221427600830793381e-02 4.224459454417228699e-02 1.195808649063110352e-01 1.170649081468582153e-01 4.561983644962310791e-01 4.965533688664436340e-02 3.023399738594889641e-03 1.824871287681162357e-05
1.911687664687633514e-02 1.698202937841415405e-01 4.446448385715484619e-01 1.555650234222412109e-01 6.765265017747879028e-03 2.869416959583759308e-03 1.159244449809193611e-03 5.902800694457255304e-05
1.550205200910568237e-01 2.099973410367965698e-01 1.567469537258148193e-01 9.964885562658309937e-02 9.091120958328247070e-02 8.162888139486312866e-02 6.025502923876047134e-03 2.073210271191783249e-05
7.831086259102448821e-05 3.266257001087069511e-03 9.999008849263191223e-03 1.597363203763961792e-01 3.636350333690643311e-01 2.155114859342575073e-01 2.486023120582103729e-02 2.291336283087730408e-02
7.126032561063766479e-02 8.525060117244720459e-02 1.012321114540100098e-01 1.674928814172744751e-01 2.129222154617309570e-01 1.545136421918869019e-01 7.264505606144666672e-03 6.373550422722473741e-05
5.922203138470649719e-02 4.503507539629936218e-02 1.019340083003044128e-01 1.368703097105026245e-01 1.212025508284568787e-01 2.424565106630325317e-01 9.320333600044250488e-02 7.617738447152078152e-05
2.839568555355072021e-01 1.040505915880203247e-01 2.317797765135765076e-02 1.723850332200527191e-02 2.408040873706340790e-02 1.129080206155776978e-01 2.345870733261108398e-01 5.917580097047903109e-07
9.142407774925231934e-02 7.522948086261749268e-02 2.323629707098007202e-01 1.853658556938171387e-01 1.507605612277984619e-01 6.485706567764282227e-02 0.000000000000000000e+00 0.000000000000000000e+00
5.973883089609444141e-04 1.429624855518341064e-02 6.480916589498519897e-02 1.077875122427940369e-01 7.034247368574142456e-02 4.136578142642974854e-01 1.283712834119796753e-01 1.381460460834205151e-04
1.292312145233154297e-01 3.007411956787109375e-01 7.134979218244552612e-02 6.247119978070259094e-02 4.915668815374374390e-02 7.731588929891586304e-02 1.088065132498741150e-01 9.275128250010311604e-04
1.349738389253616333e-01 9.346661716699600220e-02 8.030892163515090942e-02 1.240196824073791504e-01 2.039461880922317505e-01 1.058109179139137268e-01 5.710014700889587402e-02 3.736921062227338552e-04
2.151808002963662148e-03 3.041221760213375092e-02 1.348128765821456909e-01 1.656976491212844849e-01 1.117758750915527344e-01 2.319649010896682739e-01 1.138095483183860779e-01 9.375131689012050629e-03
3.201765716075897217e-01 1.868809610605239868e-01 1.039424687623977661e-01 1.059722229838371277e-01 6.943254172801971436e-02 1.326190587133169174e-02 3.333333588670939207e-04 0.000000000000000000e+00
2.342169731855392456e-02 1.892938315868377686e-01 1.898015737533569336e-01 7.233799248933792114e-02 2.871991507709026337e-02 2.104139775037765503e-01 8.592519909143447876e-02 8.582496229792013764e-05
4.698139056563377380e-02 1.195586696267127991e-01 2.128950804471969604e-01 2.249270230531692505e-01 1.534536629915237427e-01 3.416660428047180176e-02 5.476926919072866440e-03 2.540649380534887314e-03
1.540759950876235962e-01 4.662151336669921875e-01 9.033165872097015381e-02 3.157951310276985168e-02 2.275563031435012817e-02 1.747520826756954193e-02 1.104375999420881271e-02 6.523099727928638458e-03
4.552322253584861755e-02 1.360416412353515625e-01 1.398212760686874390e-01 1.362249553203582764e-01 2.155699729919433594e-01 8.895006775856018066e-02 3.069399297237396240e-02 7.174881640821695328e-03
2.201270610094070435e-01 1.804827302694320679e-01 1.119530722498893738e-01 1.119647249579429626e-01 1.035587564110755920e-01 6.215148046612739563e-02 7.782761007547378540e-03 1.979442313313484192e-03
6.557407975196838379e-02 4.983595311641693115e-01 1.047946438193321228e-01 5.132350325584411621e-02 4.373247548937797546e-02 1.293352525681257248e-02 3.215197939425706863e-03 2.006702683866024017e-02
1.530618220567703247e-01 1.147577315568923950e-01 8.553634583950042725e-02 1.326265782117843628e-01 1.559039205312728882e-01 1.225463673472404480e-01 3.321553766727447510e-02 2.351712668314576149e-03
1.264152955263853073e-02 2.753620445728302002e-01 3.213384449481964111e-01 1.766033023595809937e-01 1.250880118459463120e-02 9.703662362881004810e-04 4.896445898339152336e-04 8.588298078393563628e-05
6.246728822588920593e-02 7.818052917718887329e-02 9.471815079450607300e-02 1.162467598915100098e-01 2.143836468458175659e-01 2.318419069051742554e-01 2.069286303594708443e-03 9.243973909178748727e-05
3.953329920768737793e-01 3.017902970314025879e-01 5.074020102620124817e-02 2.016097120940685272e-02 1.625770516693592072e-02 1.105912961065769196e-02 3.912314306944608688e-03 7.464233785867691040e-04
4.085244238376617432e-02 2.333683334290981293e-02 5.830498412251472473e-02 2.306168824434280396e-01 2.316831797361373901e-01 1.683657914400100708e-01 4.672412574291229248e-02 1.157566366600804031e-04
6.648615002632141113e-02 1.359860152006149292e-01 1.617869585752487183e-01 1.416461169719696045e-01 1.136603355407714844e-01 1.185852512717247009e-01 5.636760592460632324e-02 5.481570493429899216e-03
1.426205784082412720e-01 4.355267807841300964e-02 6.519081443548202515e-02 1.302671432495117188e-01 2.003546208143234253e-01 1.457443684339523315e-01 7.167337089776992798e-02 5.964103620499372482e-04
2.535250782966613770e-01 2.097384035587310791e-01 1.071649342775344849e-01 1.240072622895240784e-01 7.549747824668884277e-02 1.701731421053409576e-02 1.081723254173994064e-02 2.232318511232733727e-03
4.114295542240142822e-02 5.257274582982063293e-02 9.005682170391082764e-02 1.312189698219299316e-01 1.743827462196350098e-01 1.285224109888076782e-01 1.040618345141410828e-01 7.804152369499206543e-02
9.733377397060394287e-02 4.820232465863227844e-02 9.166291356086730957e-02 1.127524301409721375e-01 3.722624480724334717e-01 7.312848418951034546e-02 4.657635930925607681e-03 0.000000000000000000e+00
4.166920781135559082e-01 1.589459180831909180e-01 4.259638115763664246e-02 3.316193446516990662e-02 3.567875921726226807e-02 5.190290883183479309e-02 5.316749215126037598e-02 7.854556664824485779e-03
3.823344409465789795e-01 2.041433900594711304e-01 7.745727151632308960e-02 2.612700499594211578e-02 3.417729958891868591e-02 3.689917549490928650e-02 3.815060481429100037e-02 7.108257850632071495e-04
2.584082819521427155e-02 6.726183742284774780e-02 1.217153444886207581e-01 1.186677441000938416e-01 1.854548454284667969e-01 2.593471705913543701e-01 1.125059928745031357e-02 1.046164240688085556e-02
9.320604056119918823e-02 1.700916737318038940e-01 2.489741891622543335e-01 1.045673415064811707e-01 1.096299216151237488e-01 7.068578898906707764e-02 2.795633627101778984e-03 4.944658212480135262e-05
2.899967506527900696e-02 8.034480363130569458e-02 8.576709032058715820e-02 9.352158755064010620e-02 1.404593139886856079e-01 2.421443313360214233e-01 1.209135428071022034e-01 7.849670015275478363e-03
5.886939913034439087e-02 1.751332581043243408e-01 1.507321298122406006e-01 2.018913030624389648e-01 1.366797536611557007e-01 5.422802641987800598e-02 1.881921105086803436e-02 3.646924858912825584e-03
7.509464863687753677e-03 1.214690506458282471e-02 4.051291570067405701e-02 2.447044700384140015e-01 2.559414803981781006e-01 2.292071878910064697e-01 9.921277873218059540e-03 5.633291948470287025e-05
1.725731045007705688e-02 1.598646789789199829e-01 1.781941205263137817e-01 1.736048012971878052e-01 1.263506263494491577e-01 7.449909299612045288e-02 5.010629445314407349e-02 2.012308500707149506e-02
2.010798752307891846e-01 4.463286101818084717e-01 1.310101747512817383e-01 1.869502477347850800e-02 6.504846969619393349e-04 7.073620217852294445e-04 7.530241273343563080e-04 7.754546240903437138e-04
8.756264299154281616e-02 1.399276405572891235e-01 2.214814424514770508e-01 2.121891081333160400e-01 9.365915507078170776e-02 3.466862067580223083e-02 7.637603674083948135e-03 2.873791148886084557e-03
2.743323743343353271e-01 4.599411487579345703e-01 5.500074848532676697e-02 7.403525058180093765e-03 1.858874107711017132e-03 1.076046028174459934e-03 3.873035020660609007e-04 0.000000000000000000e+00
1.167555972933769226e-01 1.822229623794555664e-01 2.380816489458084106e-01 1.699473559856414795e-01 7.323320955038070679e-02 1.674518734216690063e-02 3.014049027115106583e-03 0.000000000000000000e+00
1.719823330640792847e-01 2.578299939632415771e-01 2.256458103656768799e-01 8.876203000545501709e-02 2.235609665513038635e-02 4.604951944202184677e-03 2.423592470586299896e-02 4.582873545587062836e-03
7.318615168333053589e-02 1.311983466148376465e-01 1.030580326914787292e-01 1.993651688098907471e-01 2.256947606801986694e-01 6.185328960418701172e-02 5.566041916608810425e-03 7.823564374120905995e-05
1.586500108242034912e-01 1.698512583971023560e-01 1.368367671966552734e-01 1.110541149973869324e-01 1.361977607011795044e-01 7.246496528387069702e-02 1.419415045529603958e-02 7.509916904382407665e-04
1.194978728890419006e-01 9.563785046339035034e-02 1.198043003678321838e-01 5.342944338917732239e-02 3.998063802719116211e-01 9.077391587197780609e-03 1.771741895936429501e-03 9.750152239575982094e-04
8.262254297733306885e-02 4.868211448192596436e-01 1.755082756280899048e-01 3.518991544842720032e-02 1.254531182348728180e-02 3.694247454404830933e-03 2.105595078319311142e-03 1.513002323918044567e-03
1.097905859351158142e-01 1.863593459129333496e-01 2.625479102134704590e-01 1.521057039499282837e-01 6.165757402777671814e-02 2.748592197895050049e-02 5.296917515806853771e-05 0.000000000000000000e+00
9.690990298986434937e-02 7.927078753709793091e-02 1.112640425562858582e-01 1.569034904241561890e-01 1.649250090122222900e-01 1.392677277326583862e-01 4.848139360547065735e-02 2.977661089971661568e-03
3.543229028582572937e-02 1.329292953014373779e-01 1.927569508552551270e-01 1.304959207773208618e-01 1.195366159081459045e-01 1.522593200206756592e-01 3.584089502692222595e-02 7.487302063964307308e-04
6.050890078768134117e-05 7.511449803132563829e-05 5.240627564489841461e-03 2.095722258090972900e-01 4.537346959114074707e-01 1.266207844018936157e-01 3.780067665502429008e-03 9.159796172752976418e-04
1.484054792672395706e-02 6.170742586255073547e-02 9.098037332296371460e-02 1.755011528730392456e-01 2.474565804004669189e-01 1.812588274478912354e-01 2.812641859054565430e-02 1.286628685193136334e-04
5.954376608133316040e-02 1.703924983739852905e-01 1.227604895830154419e-01 3.451016545295715332e-02 1.558840721845626831e-01 2.497695684432983398e-01 3.381110494956374168e-03 3.758327336981892586e-03
4.936545342206954956e-02 9.234440326690673828e-02 1.771715730428695679e-01 2.399439066648483276e-01 1.311570554971694946e-01 6.776829808950424194e-02 3.461618721485137939e-02 7.633107248693704605e-03
3.357107043266296387e-01 4.100482463836669922e-01 5.007115751504898071e-02 7.989550940692424774e-04 6.904900074005126953e-04 1.359003479592502117e-03 1.315759145654737949e-03 5.671375674864975736e-06
1.166184339672327042e-02 2.515614628791809082e-01 1.626904308795928955e-01 2.119209319353103638e-01 1.360751241445541382e-01 1.998906396329402924e-02 2.862304914742708206e-03 3.238859819248318672e-03
1.398492902517318726e-01 2.618008255958557129e-01 2.590243220329284668e-01 1.950656063854694366e-02 6.856464594602584839e-02 3.259682655334472656e-02 1.105470117181539536e-02 7.602860685437917709e-03
6.148456409573554993e-02 2.040054649114608765e-01 1.374047249555587769e-01 9.449660032987594604e-02 5.414770916104316711e-02 1.540556550025939941e-01 9.440530836582183838e-02 0.000000000000000000e+00
5.066519952379167080e-04 9.667172096669673920e-03 3.288274705410003662e-01 1.882510781288146973e-01 3.662197664380073547e-02 1.063423380255699158e-01 1.296919882297515869e-01 9.133521962212398648e-05
2.494408339262008667e-01 2.282783836126327515e-01 1.346003115177154541e-01 4.612291231751441956e-02 7.304444164037704468e-02 5.157334357500076294e-02 1.255595590919256210e-02 4.383841063827276230e-03
7.912006229162216187e-02 1.752915978431701660e-01 2.053192108869552612e-01 1.001726984977722168e-01 6.942994147539138794e-02 6.033882126212120056e-02 1.048393025994300842e-01 5.488376133143901825e-03
1.539072841405868530e-01 1.540001183748245239e-01 4.828380793333053589e-02 4.905856028199195862e-02 7.365030795335769653e-02 2.400404214859008789e-01 7.986136525869369507e-02 1.198137295432388783e-03
1.675315350294113159e-01 1.311832964420318604e-01 1.637430936098098755e-01 1.969377845525741577e-01 9.071213006973266602e-02 3.751017898321151733e-02 1.063907053321599960e-02 1.742919324897229671e-03
4.313473030924797058e-02 4.064257815480232239e-02 5.527452379465103149e-02 3.023460805416107178e-01 3.224793374538421631e-01 1.927862130105495453e-02 1.662246137857437134e-02 2.216669963672757149e-04
2.301533520221710205e-01 1.628336757421493530e-01 9.931936115026473999e-02 1.886042803525924683e-01 9.582225233316421509e-02 2.299483679234981537e-02 6.415271491277962923e-05 2.081051497953012586e-04
7.703053951263427734e-02 1.475082635879516602e-01 1.707148849964141846e-01 1.509792208671569824e-01 1.230077520012855530e-01 1.137127503752708435e-01 1.703795231878757477e-02 8.646512469567824155e-06
1.327689737081527710e-01 1.594194918870925903e-01 3.451293334364891052e-02 1.444102972745895386e-01 1.653527617454528809e-01 1.493959575891494751e-01 1.413958519697189331e-02 0.000000000000000000e+00
3.050248138606548309e-02 1.324638426303863525e-01 2.348599433898925781e-01 3.131812065839767456e-02 9.173507988452911377e-02 2.056521028280258179e-01 7.337742298841476440e-02 9.105409117182716727e-05
1.233120560646057129e-01 3.288599103689193726e-02 8.102520555257797241e-02 4.377358779311180115e-02 3.270818591117858887e-01 1.917283833026885986e-01 1.929351710714399815e-04 0.000000000000000000e+00
4.022045060992240906e-02 7.793735712766647339e-02 1.343533843755722046e-01 3.319502472877502441e-01 2.028593271970748901e-01 1.104441843926906586e-02 1.634835847653448582e-03 0.000000000000000000e+00
9.118916839361190796e-02 4.248462617397308350e-02 1.070603635162115097e-02 1.557786203920841217e-02 1.491037458181381226e-01 4.642920494079589844e-01 2.664650790393352509e-02 0.000000000000000000e+00
8.134140819311141968e-02 2.196144163608551025e-01 1.341557949781417847e-01 7.525598257780075073e-02 8.150485157966613770e-02 1.684048622846603394e-01 3.818204998970031738e-02 1.540643512271344662e-03
3.062227740883827209e-02 4.608888551592826843e-02 1.097868606448173523e-01 1.447313129901885986e-01 2.409411221742630005e-01 2.220025360584259033e-01 5.825126543641090393e-03 1.892093905553338118e-06
2.093999236822128296e-01 4.459653422236442566e-02 1.628870330750942230e-02 1.715020984411239624e-01 1.893992274999618530e-01 9.344485402107238770e-02 6.746681034564971924e-02 7.901865057647228241e-03
1.155517902225255966e-02 9.854567050933837891e-02 2.221543788909912109e-01 3.129642009735107422e-01 1.083497554063796997e-01 4.399293661117553711e-02 9.034562972374260426e-04 1.534431125037372112e-03
6.616272777318954468e-02 1.115518808364868164e-01 8.865194767713546753e-02 9.734990447759628296e-02 1.548519581556320190e-01 1.645867824554443359e-01 1.094857975840568542e-01 7.359021808952093124e-03
1.307645291090011597e-01 1.641656756401062012e-01 1.451902389526367188e-01 1.243172064423561096e-01 9.901749342679977417e-02 7.856709510087966919e-02 4.558363556861877441e-02 1.239412371069192886e-02
8.466254174709320068e-02 5.501878261566162109e-02 1.311596781015396118e-01 9.706644713878631592e-02 1.101608425378799438e-01 3.204707801342010498e-01 1.456783735193312168e-03 4.164619440416572616e-06
1.489485986530780792e-02 4.260538518428802490e-02 7.118567824363708496e-02 7.565322518348693848e-02 1.589571088552474976e-01 2.537015080451965332e-01 1.800252497196197510e-01 2.976993564516305923e-03
6.026549264788627625e-02 1.589386910200119019e-01 1.751328408718109131e-01 1.144619807600975037e-01 7.233869284391403198e-02 1.648357659578323364e-01 5.401530861854553223e-02 1.124134178098756820e-05
7.102408260107040405e-02 4.085678607225418091e-02 4.003674909472465515e-02 1.305289715528488159e-01 2.180601656436920166e-01 2.317628860473632812e-01 5.589788034558296204e-02 1.183251198381185532e-02
7.772905379533767700e-02 2.312218397855758667e-01 2.681159377098083496e-01 1.624169051647186279e-01 4.323415458202362061e-02 6.762396544218063354e-03 2.134750597178936005e-03 8.384960703551769257e-03
2.853674590587615967e-01 1.464154720306396484e-01 2.113977670669555664e-01 1.075517088174819946e-01 4.049953445792198181e-02 5.586810875684022903e-03 1.442575710825622082e-03 1.738699153065681458e-03
9.619066119194030762e-02 8.492623269557952881e-02 3.231557831168174744e-02 1.662912368774414062e-01 1.368246525526046753e-01 2.719461619853973389e-01 1.149610616266727448e-02 9.392243555339518934e-06
9.679630398750305176e-02 2.495865076780319214e-01 1.444582194089889526e-01 9.365327656269073486e-02 1.717241108417510986e-01 3.507629409432411194e-02 8.402506820857524872e-03 3.027930797543376684e-04
2.133199721574783325e-01 1.842858642339706421e-01 3.042101301252841949e-02 1.017142683267593384e-01 1.847139447927474976e-01 8.489409089088439941e-02 4.755402042064815760e-04 1.753009710228070617e-04
3.208288177847862244e-02 1.777603626251220703e-01 2.183182239532470703e-01 1.507907211780548096e-01 1.018787398934364319e-01 7.784591615200042725e-02 3.844572231173515320e-02 2.877441234886646271e-03
