2.142404764890670776e-01 1.923373341560363770e-01 1.213322654366493225e-01 1.008563116192817688e-01 1.431391090154647827e-01 3.228511214256286621e-01 1.051796227693557739e-01 6.381695129675790668e-05
0.000000000000000000e+00 0.000000000000000000e+00 0.000000000000000000e+00 1.200000047683715820e+00 0.000000000000000000e+00 0.000000000000000000e+00 0.000000000000000000e+00 0.000000000000000000e+00
2.182630300521850586e-01 2.714030630886554718e-02 3.177820518612861633e-02 3.764188587665557861e-01 4.945513308048248291e-01 3.871788084506988525e-02 1.313041150569915771e-02 0.000000000000000000e+00
3.215894848108291626e-02 2.032540887594223022e-01 2.941363751888275146e-01 2.147092968225479126e-01 2.150093019008636475e-01 1.433272510766983032e-01 6.148540973663330078e-02 3.591937944293022156e-02
3.607464954257011414e-02 1.245866790413856506e-01 2.470652759075164795e-01 4.189922213554382324e-01 2.193850427865982056e-01 1.222354844212532043e-01 3.106158040463924408e-02 5.991289508529007435e-04
1.983682066202163696e-02 2.257943339645862579e-02 5.925950035452842712e-02 1.341772973537445068e-01 3.555591106414794922e-01 4.651704132556915283e-01 1.373043060302734375e-01 6.113167386502027512e-03
3.274218877777457237e-03 3.635890409350395203e-02 3.388472795486450195e-01 6.762325763702392578e-01 1.260164082050323486e-01 1.405231747776269913e-02 5.185103043913841248e-03 3.325205398141406476e-05
1.249828785657882690e-01 9.267114102840423584e-02 1.178335398435592651e-01 2.168846130371093750e-01 4.525243639945983887e-01 1.771613210439682007e-01 1.794017106294631958e-02 2.024735522354603745e-06
5.877670273184776306e-02 5.168897509574890137e-01 3.481042981147766113e-01 1.422567367553710938e-01 1.200682893395423889e-01 6.762709934264421463e-03 2.155972877517342567e-03 4.985635634511709213e-03
5.285682082176208496e-01 1.830056607723236084e-01 1.555996835231781006e-01 1.569362580776214600e-01 1.150508448481559753e-01 4.182728007435798645e-02 8.671509101986885071e-03 1.034059748053550720e-02
2.426317930221557617e-01 2.927081286907196045e-01 9.873160719871520996e-02 1.054492071270942688e-01 1.324948519468307495e-01 1.439206600189208984e-01 1.792315393686294556e-01 4.832273349165916443e-03
1.195405945181846619e-01 1.833438873291015625e-01 3.661343455314636230e-01 3.787280619144439697e-01 1.476474702358245850e-01 3.534626914188265800e-03 9.474626858718693256e-04 1.235820964211598039e-04
1.061786562204360962e-01 1.414050608873367310e-01 2.320245206356048584e-01 2.789048552513122559e-01 1.931002140045166016e-01 1.208992823958396912e-01 1.105593293905258179e-01 1.692814566195011139e-02
4.313795268535614014e-02 1.924754679203033447e-01 1.112209856510162354e-01 2.567867338657379150e-01 3.821401298046112061e-01 2.082171291112899780e-01 6.021663546562194824e-03 0.000000000000000000e+00
4.881398752331733704e-03 1.161377504467964172e-01 4.907801747322082520e-01 2.087727487087249756e-01 1.212031319737434387e-01 1.285780817270278931e-01 9.479582309722900391e-02 3.485091403126716614e-02
2.912648320198059082e-01 3.762846887111663818e-01 2.118245214223861694e-01 1.194943934679031372e-01 3.535224124789237976e-02 8.844874054193496704e-02 7.733063399791717529e-02 0.000000000000000000e+00
1.552181541919708252e-01 1.050546914339065552e-01 7.936181873083114624e-02 1.296121180057525635e-01 3.802833557128906250e-01 2.086981385946273804e-01 1.415496468544006348e-01 2.221326431026682258e-04
2.100752890110015869e-01 3.566951155662536621e-01 1.241179481148719788e-01 2.063092887401580811e-01 2.230464369058609009e-01 3.791217133402824402e-02 4.101192206144332886e-02 8.318695472553372383e-04
3.488083556294441223e-02 5.230983719229698181e-02 1.486507058143615723e-01 9.626395255327224731e-02 1.203070953488349915e-01 5.142462849617004395e-01 2.240349501371383667e-01 9.306443855166435242e-03
2.036127494648098946e-03 5.338541045784950256e-02 3.975677788257598877e-01 5.400883555412292480e-01 8.252794295549392700e-02 1.085144802927970886e-01 1.527095679193735123e-02 6.089871749281883240e-04
6.883951276540756226e-02 6.297156214714050293e-02 7.094886153936386108e-02 2.126192599534988403e-01 2.174502015113830566e-01 4.417392313480377197e-01 1.228583529591560364e-01 2.573058940470218658e-03
8.408099412918090820e-02 2.113963067531585693e-01 2.771328687667846680e-01 2.481753528118133545e-01 1.876924782991409302e-01 1.353471279144287109e-01 5.421117320656776428e-02 1.963729504495859146e-03
6.262806802988052368e-02 1.428800970315933228e-01 4.510191977024078369e-01 4.519901871681213379e-01 8.352550864219665527e-02 4.480062983930110931e-03 2.273944439366459846e-03 1.203013001941144466e-03
5.185089632868766785e-02 1.804147362709045410e-01 1.871799975633621216e-01 3.072693645954132080e-01 2.019617855548858643e-01 1.520823240280151367e-01 1.038417518138885498e-01 1.539918128401041031e-02
3.021132759749889374e-02 5.153638496994972229e-02 3.468162938952445984e-02 7.011664658784866333e-02 5.062359571456909180e-01 3.233325481414794922e-01 1.809992045164108276e-01 2.886323491111397743e-03
2.463413029909133911e-02 1.246544942259788513e-01 2.449954152107238770e-01 3.415791094303131104e-01 3.307093977928161621e-01 1.155583336949348450e-01 1.710654236376285553e-02 7.626116857863962650e-04
3.845795392990112305e-01 2.305718213319778442e-01 1.322394907474517822e-01 1.075391098856925964e-01 1.414208859205245972e-01 1.428397446870803833e-01 5.814036354422569275e-02 2.669104374945163727e-03
1.634666323661804199e-01 2.493844479322433472e-01 2.998605668544769287e-01 1.689309477806091309e-01 1.708461642265319824e-01 8.963643014430999756e-02 3.827666491270065308e-02 1.959820277988910675e-02
4.413464367389678955e-01 1.796476244926452637e-01 1.220687925815582275e-01 6.655928492546081543e-02 1.081703677773475647e-01 2.349298894405364990e-01 4.637534171342849731e-02 9.023220627568662167e-04
1.456602849066257477e-02 1.533550620079040527e-01 3.414387106895446777e-01 2.897817194461822510e-01 2.062750309705734253e-01 1.289340108633041382e-01 4.915213584899902344e-02 1.649737358093261719e-02
6.174025312066078186e-02 7.440848350524902344e-01 3.016428947448730469e-01 9.104583412408828735e-02 1.073247171007096767e-03 2.988081250805407763e-04 1.141514221671968699e-04 0.000000000000000000e+00
2.480605989694595337e-01 3.880849480628967285e-01 2.436871677637100220e-01 1.651912033557891846e-01 9.442421048879623413e-02 5.214143544435501099e-02 6.848069373518228531e-03 1.562436809763312340e-03
1.327700167894363403e-01 4.753696620464324951e-01 2.531105577945709229e-01 1.273508518934249878e-01 7.102007418870925903e-02 1.257171779870986938e-01 1.014671009033918381e-02 4.515009932219982147e-03
4.147947430610656738e-01 4.008176028728485107e-01 1.667809486389160156e-01 6.335447728633880615e-02 5.895262211561203003e-02 5.187439918518066406e-02 3.532362729310989380e-02 8.101629093289375305e-03
2.100248783826828003e-01 3.648497760295867920e-01 1.874084025621414185e-01 1.258224695920944214e-01 6.404080986976623535e-02 3.860980644822120667e-02 9.630419313907623291e-02 1.129396781325340271e-01
1.338757295161485672e-02 2.090611867606639862e-02 8.893994241952896118e-02 3.090276718139648438e-01 3.711031675338745117e-01 2.181829959154129028e-01 1.608630567789077759e-01 1.758953556418418884e-02
5.168493371456861496e-03 4.042968899011611938e-02 6.555504351854324341e-02 3.547788783907890320e-02 3.218381106853485107e-02 4.454718828201293945e-01 5.757132768630981445e-01 0.000000000000000000e+00
5.052731037139892578e-01 1.907816976308822632e-01 8.295127004384994507e-02 1.120801568031311035e-01 1.895194500684738159e-01 1.166672334074974060e-01 2.085243817418813705e-03 6.418747361749410629e-04
1.611658781766891479e-01 1.985117346048355103e-01 8.483717590570449829e-02 1.994528919458389282e-01 9.200933575630187988e-02 3.773361146450042725e-01 8.637864142656326294e-02 3.082935290876775980e-04
1.583176553249359131e-01 2.608883380889892578e-01 3.142629265785217285e-01 2.995668053627014160e-01 1.092304438352584839e-01 4.231525957584381104e-02 1.217507384717464447e-02 3.243547398597002029e-03
8.925735019147396088e-03 6.011826172471046448e-02 6.981389224529266357e-02 1.908336877822875977e-01 4.071246087551116943e-01 3.425167202949523926e-01 1.087573766708374023e-01 1.190975587815046310e-02
8.433675765991210938e-02 3.560132905840873718e-02 7.372955977916717529e-02 2.551469802856445312e-01 3.580643236637115479e-01 2.895853817462921143e-01 1.031379178166389465e-01 3.978228778578341007e-04
2.237619459629058838e-02 6.158966943621635437e-02 1.788859367370605469e-01 2.439628988504409790e-01 2.911055088043212891e-01 2.840005755424499512e-01 1.147768497467041016e-01 3.302410244941711426e-03
2.250725775957107544e-01 1.703070402145385742e-01 2.097877115011215210e-01 1.998750269412994385e-01 2.176601588726043701e-01 1.667396724224090576e-01 1.054015383124351501e-02 1.769395566952880472e-05
5.337200686335563660e-02 1.248533949255943298e-01 1.332961618900299072e-01 1.257553547620773315e-01 1.292166113853454590e-01 1.966981291770935059e-01 4.357725679874420166e-01 1.035823603160679340e-03
2.541060149669647217e-01 4.140638113021850586e-01 2.341296523809432983e-01 5.896690487861633301e-02 4.950419813394546509e-02 1.035483404994010925e-01 3.504739701747894287e-02 5.063372477889060974e-02
1.014041975140571594e-01 4.099264144897460938e-01 3.759572207927703857e-01 1.939294785261154175e-01 9.189091622829437256e-02 1.634007692337036133e-02 1.051336433738470078e-02 3.837818803731352091e-05
2.689542993903160095e-02 8.968352526426315308e-02 1.381268054246902466e-01 6.779959052801132202e-02 2.539268136024475098e-01 5.092697143554687500e-01 9.914900362491607666e-02 1.514913700520992279e-02
4.338579624891281128e-02 6.614137440919876099e-02 8.261133730411529541e-02 3.188745379447937012e-01 4.888145625591278076e-01 1.857472062110900879e-01 1.438401173800230026e-02 4.119953518966212869e-05
4.705882456619292498e-04 5.509091168642044067e-02 1.984171122312545776e-01 2.487379759550094604e-01 2.511978745460510254e-01 4.402780830860137939e-01 5.807486828416585922e-03 0.000000000000000000e+00
1.928461939096450806e-01 3.744922876358032227e-01 7.617051154375076294e-02 2.049276381731033325e-01 2.525939941406250000e-01 9.715017676353454590e-02 1.819245400838553905e-03 0.000000000000000000e+00
5.580016970634460449e-02 1.786918491125106812e-01 3.110997676849365234e-01 3.543890118598937988e-01 2.357974052429199219e-01 5.367485806345939636e-02 9.316891431808471680e-03 1.230081194080412388e-03
1.049334406852722168e-01 1.512464582920074463e-01 7.398103177547454834e-02 5.594984814524650574e-02 1.199444308876991272e-01 5.903745889663696289e-01 1.032855436205863953e-01 2.847088617272675037e-04
1.460564817534759641e-04 4.931688681244850159e-02 9.419410824775695801e-01 1.415269076824188232e-01 2.248995937407016754e-02 1.621957309544086456e-02 1.568555273115634918e-02 1.267405133694410324e-02
2.727673947811126709e-02 5.131147429347038269e-02 1.611754298210144043e-01 6.791290044784545898e-01 2.143972963094711304e-01 3.304578736424446106e-02 1.721059717237949371e-02 1.645376347005367279e-02
9.653982851887121797e-05 5.938422679901123047e-01 3.130744993686676025e-01 1.773977577686309814e-01 3.720778226852416992e-02 1.958593353629112244e-02 1.823104731738567352e-02 4.056420549750328064e-02
1.767366826534271240e-01 8.600066602230072021e-02 3.086840733885765076e-02 8.890514075756072998e-02 1.176191493868827820e-01 1.961812973022460938e-01 4.794368743896484375e-01 2.425186708569526672e-02
2.551229596138000488e-01 4.706677198410034180e-01 2.701910436153411865e-01 1.281823366880416870e-01 4.201225563883781433e-02 1.555330213159322739e-02 1.085176970809698105e-02 7.418667897582054138e-03
8.302994072437286377e-02 1.236446574330329895e-01 1.331894993782043457e-01 1.935409009456634521e-01 2.167649120092391968e-01 1.794275343418121338e-01 2.202268689870834351e-01 5.017575249075889587e-02
3.222713172435760498e-01 2.108461707830429077e-01 1.504793167114257812e-01 1.336953788995742798e-01 2.013949751853942871e-01 1.571563929319381714e-01 2.391654625535011292e-02 2.399283548584207892e-04
1.387663185596466064e-01 1.730002462863922119e-01 1.177844330668449402e-01 2.075439393520355225e-01 2.780824005603790283e-01 2.442060410976409912e-01 3.942630439996719360e-02 1.190350856631994247e-03
6.384166330099105835e-02 2.001721262931823730e-01 2.454433441162109375e-01 2.400761991739273071e-01 1.764634996652603149e-01 1.653534919023513794e-01 9.498522430658340454e-02 1.366448868066072464e-02
2.750799357891082764e-01 4.710411727428436279e-01 1.140820756554603577e-01 8.495062589645385742e-02 6.606211513280868530e-02 5.079998448491096497e-02 7.118359208106994629e-02 6.680056452751159668e-02
3.242404386401176453e-02 3.266043365001678467e-01 3.069426417350769043e-01 1.946492791175842285e-01 1.353038400411605835e-01 1.125557199120521545e-01 5.771505087614059448e-02 3.380511701107025146e-02
1.261535435914993286e-01 3.008343279361724854e-01 2.376911789178848267e-01 1.910881847143173218e-01 1.808612644672393799e-01 1.159755960106849670e-01 3.650989010930061340e-02 1.088607124984264374e-02
1.036516018211841583e-02 2.560837008059024811e-02 7.514046877622604370e-02 1.882149428129196167e-01 3.628074526786804199e-01 4.475855231285095215e-01 8.318045735359191895e-02 7.097700145095586777e-03
2.119643427431583405e-02 2.283741384744644165e-01 2.838753163814544678e-01 4.360962212085723877e-01 1.077306717634201050e-01 5.268836021423339844e-02 6.984615325927734375e-02 1.927689008880406618e-04
3.226274624466896057e-02 1.351120322942733765e-01 1.611615866422653198e-01 1.527199149131774902e-01 1.195776313543319702e-01 4.144355952739715576e-01 1.847290843725204468e-01 1.448969214834505692e-06
5.969591066241264343e-02 4.076344892382621765e-02 8.127349615097045898e-02 2.014283984899520874e-01 3.758503794670104980e-01 3.331308662891387939e-01 1.078575327992439270e-01 0.000000000000000000e+00
2.285898029804229736e-01 2.756568193435668945e-01 2.287051230669021606e-01 1.960976570844650269e-01 1.313111633062362671e-01 7.775753736495971680e-02 4.233164340257644653e-02 1.955030672252178192e-02
4.869541898369789124e-02 1.484906077384948730e-01 1.975893527269363403e-01 2.606002390384674072e-01 3.901774585247039795e-01 1.347593069076538086e-01 1.304451469331979752e-02 6.643164902925491333e-03
6.035084128379821777e-01 9.147411584854125977e-02 7.535853981971740723e-02 1.207293048501014709e-01 1.842039078474044800e-01 8.992937207221984863e-02 3.175836801528930664e-02 3.037980757653713226e-03
2.609496116638183594e-01 2.625604569911956787e-01 1.930542141199111938e-01 1.625667661428451538e-01 1.507877856492996216e-01 1.496912091970443726e-01 1.499316189438104630e-02 5.396829918026924133e-03
2.749645113945007324e-01 3.021619915962219238e-01 5.446291714906692505e-02 5.090308561921119690e-02 9.819773584604263306e-02 2.542568445205688477e-01 1.606785207986831665e-01 4.374453332275152206e-03
9.677420166553929448e-05 2.978846728801727295e-01 5.834150910377502441e-01 2.455197870731353760e-01 6.223767623305320740e-02 3.100426169112324715e-03 2.082471270114183426e-03 5.663116462528705597e-03
2.677865698933601379e-02 2.537830173969268799e-01 1.871681660413742065e-01 1.779784113168716431e-01 5.206495150923728943e-02 2.537275254726409912e-01 2.484993189573287964e-01 0.000000000000000000e+00
1.779607683420181274e-01 2.876106500625610352e-01 2.614015936851501465e-01 1.865996420383453369e-01 1.279488652944564819e-01 7.961441576480865479e-02 4.481746628880500793e-02 3.404663130640983582e-02
1.042419001460075378e-01 1.498319506645202637e-01 6.287805736064910889e-02 4.013473913073539734e-02 9.966515004634857178e-02 3.595132529735565186e-01 3.830436766147613525e-01 6.913025863468647003e-04
5.017159879207611084e-02 1.700010746717453003e-01 2.097444683313369751e-01 2.271507680416107178e-01 2.378399819135665894e-01 1.885617524385452271e-01 7.776575535535812378e-02 3.876466676592826843e-02
1.177090853452682495e-01 1.635172367095947266e-01 2.945277094841003418e-01 3.080667853355407715e-01 2.575207650661468506e-01 5.863410606980323792e-02 2.438008777971845120e-05 0.000000000000000000e+00
3.973606526851654053e-01 4.272931814193725586e-01 2.179595381021499634e-01 1.509764492511749268e-01 5.790034309029579163e-03 6.201918004080653191e-04 0.000000000000000000e+00 0.000000000000000000e+00
2.035057842731475830e-01 1.609021872282028198e-01 1.473988145589828491e-01 1.898803114891052246e-01 2.226881980895996094e-01 1.879889219999313354e-01 7.501956820487976074e-02 1.261629909276962280e-02
1.510116755962371826e-01 2.658971846103668213e-01 3.163117468357086182e-01 2.301844805479049683e-01 1.606927961111068726e-01 6.534479558467864990e-02 9.721842594444751740e-03 8.355482132174074650e-04
4.068834781646728516e-01 1.593888998031616211e-01 7.573197130113840103e-03 3.976963460445404053e-02 7.101631164550781250e-02 3.540283441543579102e-01 1.608083546161651611e-01 5.317791947163641453e-04
9.615317732095718384e-02 2.609148919582366943e-01 2.620773911476135254e-01 1.752933114767074585e-01 2.026023417711257935e-01 1.529371440410614014e-01 3.937086835503578186e-02 1.065092347562313080e-02
6.234098970890045166e-02 2.023661285638809204e-01 2.164618819952011108e-01 1.906471848487854004e-01 1.959379762411117554e-01 2.310747951269149780e-01 1.001997441053390503e-01 9.713270119391381741e-04
2.363124638795852661e-01 2.206404358148574829e-01 2.639337182044982910e-01 1.518048793077468872e-01 1.509787440299987793e-01 9.142750501632690430e-02 8.478453755378723145e-02 1.177497542812488973e-04
2.441966980695724487e-01 1.518537849187850952e-01 1.496510207653045654e-01 4.264257252216339111e-01 1.638196259737014771e-01 6.223291531205177307e-02 1.820279983803629875e-03 0.000000000000000000e+00
1.886146664619445801e-01 3.837259709835052490e-01 3.197469711303710938e-01 1.657115817070007324e-01 7.434757053852081299e-02 4.701957851648330688e-02 1.432678569108247757e-02 6.506950594484806061e-03
1.974150389432907104e-01 3.893110752105712891e-01 1.054457351565361023e-01 1.484578400850296021e-01 1.408273875713348389e-01 2.130123823881149292e-01 5.193134769797325134e-03 3.374904626980423927e-04
8.867435902357101440e-02 3.873652964830398560e-02 4.831560328602790833e-02 8.552892506122589111e-02 3.178962767124176025e-01 4.499746859073638916e-01 1.707700192928314209e-01 1.036197863868437707e-04
9.952950477600097656e-02 3.419919312000274658e-01 2.963253259658813477e-01 2.635273635387420654e-01 4.437702149152755737e-02 1.506383866071701050e-01 3.610535059124231339e-03 0.000000000000000000e+00
2.789950184524059296e-02 6.643177270889282227e-01 3.784115314483642578e-01 1.131317019462585449e-01 1.217909064143896103e-02 2.536318264901638031e-03 1.469397568143904209e-03 5.477494778460822999e-05
1.609975099563598633e-01 3.035927116870880127e-01 1.949063986539840698e-01 1.446744352579116821e-01 1.570376604795455933e-01 1.425400525331497192e-01 7.923965156078338623e-02 1.701164990663528442e-02
7.025092095136642456e-02 1.800674498081207275e-01 1.712590157985687256e-01 2.246533483266830444e-01 3.259789645671844482e-01 1.560379415750503540e-01 4.701793193817138672e-02 2.473447471857070923e-02
8.071212470531463623e-02 1.432258933782577515e-01 1.689614355564117432e-01 1.797259151935577393e-01 3.025206923484802246e-01 2.693788111209869385e-01 5.117769166827201843e-02 4.297520965337753296e-03
1.760028749704360962e-01 2.585229873657226562e-01 1.862959265708923340e-01 1.439604610204696655e-01 2.203611582517623901e-01 1.583252847194671631e-01 4.058936610817909241e-02 1.594199985265731812e-02
4.014703445136547089e-04 1.053729280829429626e-02 4.357777908444404602e-02 7.231680303812026978e-02 1.971636563539505005e-01 7.816835641860961914e-01 9.430903196334838867e-02 1.042780058924108744e-05
1.047030836343765259e-02 1.892108619213104248e-01 2.574019432067871094e-01 2.669288516044616699e-01 3.166570663452148438e-01 1.578513681888580322e-01 1.479654805734753609e-03 0.000000000000000000e+00
3.631368577480316162e-01 1.775233894586563110e-01 1.362487971782684326e-01 1.955526322126388550e-01 1.595675498247146606e-01 1.142007410526275635e-01 3.439822793006896973e-02 1.937185227870941162e-02
3.772024138015694916e-05 2.668409422039985657e-02 1.035480275750160217e-01 1.682372391223907471e-01 4.472588300704956055e-01 3.090985417366027832e-01 1.450800001621246338e-01 5.558772681979462504e-05
1.453606188297271729e-01 2.151429504156112671e-01 1.907317191362380981e-01 1.692761629819869995e-01 3.372200727462768555e-01 1.362024694681167603e-01 5.990034434944391251e-03 7.605559949297457933e-05
8.811570703983306885e-02 1.904125958681106567e-01 1.265008002519607544e-01 8.724343776702880859e-02 6.664799153804779053e-02 1.551406532526016235e-01 1.452721059322357178e-01 3.406667411327362061e-01
9.427022188901901245e-02 3.217318356037139893e-01 2.828385531902313232e-01 2.037050575017929077e-01 1.409481614828109741e-01 9.439527243375778198e-02 3.673005476593971252e-02 2.538091316819190979e-02
1.502337157726287842e-01 2.443650066852569580e-01 2.286157459020614624e-01 2.496671974658966064e-01 2.695262432098388672e-01 5.162932351231575012e-02 4.745658952742815018e-03 1.217156881466507912e-03
1.434562057256698608e-01 2.316475808620452881e-01 2.385111302137374878e-01 2.600561380386352539e-01 2.535729110240936279e-01 7.161673158407211304e-02 1.139357103966176510e-03 0.000000000000000000e+00
2.317612059414386749e-03 4.926537349820137024e-02 2.039050757884979248e-01 3.701059818267822266e-01 2.447722554206848145e-01 2.195409089326858521e-01 1.001749336719512939e-01 9.917911142110824585e-03
7.058370974846184254e-04 1.033717021346092224e-01 6.036503911018371582e-01 3.248379826545715332e-01 1.187562420964241028e-01 4.486200958490371704e-02 9.482915629632771015e-04 2.867533825337886810e-03
2.154347859323024750e-02 3.456354513764381409e-02 3.631605580449104309e-02 1.286103725433349609e-01 3.309197425842285156e-01 4.408879876136779785e-01 2.071538567543029785e-01 5.016722752770874649e-06
1.168049871921539307e-02 3.055269718170166016e-01 4.971475899219512939e-01 1.911395937204360962e-01 9.554415196180343628e-02 6.484021246433258057e-02 2.909312024712562561e-02 5.027909763157367706e-03
5.803148746490478516e-01 3.435632288455963135e-01 1.617841124534606934e-01 7.688406109809875488e-02 2.759120613336563110e-02 9.797601029276847839e-03 6.496752030216157436e-05 0.000000000000000000e+00
4.845592379570007324e-02 2.253798097372055054e-01 1.995673179626464844e-01 1.975334584712982178e-01 2.177044302225112915e-01 2.672546803951263428e-01 4.104929417371749878e-02 3.055101027712225914e-03
6.751095503568649292e-02 6.925202161073684692e-02 1.564620882272720337e-01 4.143494069576263428e-01 4.606714844703674316e-01 3.172997012734413147e-02 2.409783701295964420e-05 0.000000000000000000e+00
2.149158567190170288e-01 2.075764685869216919e-01 2.667284011840820312e-01 2.171398252248764038e-01 1.436388194561004639e-01 7.739396393299102783e-02 5.940999463200569153e-02 1.319670956581830978e-02
2.844618167728185654e-03 6.994879245758056641e-02 2.161652594804763794e-01 1.566290110349655151e-01 5.680658295750617981e-02 4.615744948387145996e-01 2.342057824134826660e-01 1.825497020035982132e-03
1.331443488597869873e-01 5.361083745956420898e-01 2.579710781574249268e-01 8.735733479261398315e-02 1.188601106405258179e-01 6.604230403900146484e-02 5.165120819583535194e-04 0.000000000000000000e+00
4.787712544202804565e-02 7.750301063060760498e-02 8.327901363372802734e-02 1.336918473243713379e-01 3.369581401348114014e-01 4.742380976676940918e-01 4.147222265601158142e-02 4.980569705367088318e-03
2.190021276473999023e-01 2.067297697067260742e-01 1.058907210826873779e-01 6.863464415073394775e-02 8.327133953571319580e-02 3.334924578666687012e-01 1.829702705144882202e-01 8.703108505869749933e-06
1.556764841079711914e-01 2.091085612773895264e-01 2.010595202445983887e-01 9.101684391498565674e-02 2.129115909337997437e-02 1.129258871078491211e-01 4.087928831577301025e-01 1.286923506995663047e-04
2.808455750346183777e-02 1.201298683881759644e-01 2.489881813526153564e-01 3.685015439987182617e-01 2.713329195976257324e-01 1.196844354271888733e-01 3.974756225943565369e-02 3.530976362526416779e-03
4.115768149495124817e-02 6.360298395156860352e-02 6.631775200366973877e-02 1.899364888668060303e-01 7.779375910758972168e-01 4.711864516139030457e-02 8.608628995716571808e-03 5.320322234183549881e-03
8.640791773796081543e-01 9.625806659460067749e-02 4.076417535543441772e-02 3.776223957538604736e-02 4.161147400736808777e-02 5.636092647910118103e-02 5.122408643364906311e-02 1.193991210311651230e-02
8.963824808597564697e-02 2.906077504158020020e-01 2.267409563064575195e-01 1.920939832925796509e-01 2.314322143793106079e-01 1.448243409395217896e-01 1.858600787818431854e-02 6.076563149690628052e-03
5.046019554138183594e-01 2.202859669923782349e-01 1.146459579467773438e-01 1.153279766440391541e-01 1.029065102338790894e-01 8.505021035671234131e-02 3.141257539391517639e-02 2.576888352632522583e-02
1.116071507567539811e-04 1.514388471841812134e-01 6.727799177169799805e-01 2.432650476694107056e-01 7.613534480333328247e-02 3.308549523353576660e-02 2.081352844834327698e-02 2.370246686041355133e-03
1.491641551256179810e-01 1.353462785482406616e-01 2.925086319446563721e-01 2.245064228773117065e-01 1.291719079017639160e-01 1.221744790673255920e-01 1.287996172904968262e-01 1.832857355475425720e-02
1.656852811574935913e-01 2.698618173599243164e-01 1.322874575853347778e-01 1.309271603822708130e-01 2.087077349424362183e-01 1.959993988275527954e-01 7.763192802667617798e-02 1.889928430318832397e-02
1.581876873970031738e-01 1.540402919054031372e-01 1.807799786329269409e-01 2.487648576498031616e-01 1.765826642513275146e-01 1.224751323461532593e-01 1.054986715316772461e-01 5.367074906826019287e-02
1.986628919839859009e-01 6.155337095260620117e-01 3.046278655529022217e-01 4.320902377367019653e-02 1.768632233142852783e-02 9.179681539535522461e-03 5.779250524938106537e-03 5.321286153048276901e-03
2.832965254783630371e-01 2.678689062595367432e-01 3.579565882682800293e-01 2.022872716188430786e-01 2.417934872210025787e-02 1.507831830531358719e-02 1.684824936091899872e-02 3.248484805226325989e-02
1.668737530708312988e-01 2.877894043922424316e-01 2.046059221029281616e-01 2.251984775066375732e-01 1.879941821098327637e-01 8.764526247978210449e-02 3.387517109513282776e-02 6.017931271344423294e-03
2.508073449134826660e-01 3.853960037231445312e-01 2.214390039443969727e-01 1.875363141298294067e-01 8.371589332818984985e-02 3.169281035661697388e-02 1.804438047111034393e-02 2.136828377842903137e-02
3.889256715774536133e-02 2.177071571350097656e-01 2.655895650386810303e-01 3.083838522434234619e-01 1.973043829202651978e-01 1.232418641448020935e-01 4.488687962293624878e-02 3.993799444288015366e-03
4.421135485172271729e-01 3.066082298755645752e-01 1.513890177011489868e-01 8.587909489870071411e-02 9.327180683612823486e-02 1.105676069855690002e-01 1.017074380069971085e-02 0.000000000000000000e+00
2.810651659965515137e-01 1.002828478813171387e-01 7.678519189357757568e-02 1.012489050626754761e-01 2.831161916255950928e-01 2.622627317905426025e-01 9.523904323577880859e-02 0.000000000000000000e+00
1.000654324889183044e-01 2.241121381521224976e-01 2.283231914043426514e-01 2.959434688091278076e-01 2.005225569009780884e-01 1.015679612755775452e-01 3.568197414278984070e-02 1.378330029547214508e-02
1.832389831542968750e-01 4.281089007854461670e-01 2.132791131734848022e-01 2.181656211614608765e-01 1.096498146653175354e-01 3.153730183839797974e-02 1.597698032855987549e-02 4.332222306402400136e-05
5.903756991028785706e-02 1.801389455795288086e-01 2.086867541074752808e-01 2.679571807384490967e-01 2.760894596576690674e-01 1.567915380001068115e-01 4.301030933856964111e-02 8.288281969726085663e-03
1.577439606189727783e-01 4.219574034214019775e-01 1.910512298345565796e-01 1.501650363206863403e-01 1.333180218935012817e-01 8.480399847030639648e-02 4.690934717655181885e-02 1.405102293938398361e-02
6.932623386383056641e-01 2.122532427310943604e-01 1.273322403430938721e-01 5.861420556902885437e-02 6.368539482355117798e-02 4.416302964091300964e-02 6.895789410918951035e-04 0.000000000000000000e+00
1.577387750148773193e-01 2.602526545524597168e-01 2.387433797121047974e-01 2.220015823841094971e-01 1.706420481204986572e-01 9.775643050670623779e-02 3.861273080110549927e-02 1.425246056169271469e-02
9.527363628149032593e-02 6.673030555248260498e-02 1.118419617414474487e-01 1.069131121039390564e-01 2.179393768310546875e-01 5.905935764312744141e-01 1.056924741715192795e-02 1.388406817568466067e-04
4.018083512783050537e-01 1.470187902450561523e-01 2.148914039134979248e-01 3.205384314060211182e-01 1.134517863392829895e-01 2.252352423965930939e-03 3.657565684989094734e-05 2.359719701416906901e-06
1.943687498569488525e-01 1.740027517080307007e-01 1.274542808532714844e-01 1.678120046854019165e-01 2.997850179672241211e-01 2.196329683065414429e-01 1.694425754249095917e-02 0.000000000000000000e+00
3.347660228610038757e-02 4.729620516300201416e-01 3.087408244609832764e-01 9.735327214002609253e-02 1.500413715839385986e-01 7.131534814834594727e-02 4.885802045464515686e-02 1.725254394114017487e-02
1.111507266759872437e-01 1.953599750995635986e-01 3.487997055053710938e-01 3.322556018829345703e-01 1.848095506429672241e-01 2.756708674132823944e-02 5.736881939810700715e-05 0.000000000000000000e+00
8.907729387283325195e-02 2.387481480836868286e-01 2.748022079467773438e-01 2.736487388610839844e-01 1.903414577245712280e-01 7.813589274883270264e-02 4.330273717641830444e-02 1.194360386580228806e-02
6.703095138072967529e-02 7.111693918704986572e-02 1.569390594959259033e-01 2.262182682752609253e-01 1.439146250486373901e-01 2.377103418111801147e-01 2.554683387279510498e-01 4.160154610872268677e-02
1.237023971043527126e-03 1.019402295351028442e-01 2.895465195178985596e-01 1.818598806858062744e-01 1.773504763841629028e-01 2.308539301156997681e-01 1.684271395206451416e-01 4.878483340144157410e-02
1.020993962883949280e-01 2.132725566625595093e-01 2.042424678802490234e-01 2.644135653972625732e-01 1.979766935110092163e-01 1.414419859647750854e-01 7.452081143856048584e-02 2.032566117122769356e-03
7.171312719583511353e-02 1.387213468551635742e-01 1.825595349073410034e-01 1.342951059341430664e-01 3.295527696609497070e-01 2.585409879684448242e-01 7.757142931222915649e-02 7.045755628496408463e-03
1.619280725717544556e-01 1.505362689495086670e-01 1.068937554955482483e-01 1.642635762691497803e-01 3.292256593704223633e-01 2.401855289936065674e-01 4.688185453414916992e-02 8.532452193321660161e-05
1.910197436809539795e-01 1.340996921062469482e-01 1.350799649953842163e-01 1.028847396373748779e-01 2.289449721574783325e-01 2.342928498983383179e-01 1.384776830673217773e-01 3.520041704177856445e-02
4.034520089626312256e-01 4.869492053985595703e-01 1.294687539339065552e-01 5.333041399717330933e-02 6.304652988910675049e-02 5.570866167545318604e-02 7.123308721929788589e-03 9.211668511852622032e-04
1.963581442832946777e-01 2.182487249374389648e-01 1.896778792142868042e-01 1.614584773778915405e-01 2.085221260786056519e-01 1.593680679798126221e-01 5.610289052128791809e-02 1.026374846696853638e-02
1.112686395645141602e-01 5.607876181602478027e-01 2.328375875949859619e-01 6.875129789113998413e-02 9.505906701087951660e-02 1.141664907336235046e-01 1.504339184612035751e-02 2.085953252390027046e-03
1.248216629028320312e-01 2.096554487943649292e-01 2.010104954242706299e-01 2.096244245767593384e-01 2.093301564455032349e-01 1.590173393487930298e-01 8.263269066810607910e-02 3.907832782715559006e-03
3.052523434162139893e-01 5.453066229820251465e-01 1.642528325319290161e-01 8.402103930711746216e-02 5.454545840620994568e-02 4.275850951671600342e-02 3.855005837976932526e-03 8.219628398364875466e-06
1.158910393714904785e-01 4.037611186504364014e-01 8.498530089855194092e-02 1.322493404150009155e-01 1.883918792009353638e-01 1.977819055318832397e-01 7.693949341773986816e-02 0.000000000000000000e+00
2.413136651739478111e-03 1.611873954534530640e-01 1.079732105135917664e-01 3.672442212700843811e-02 3.208193182945251465e-02 1.138782054185867310e-01 1.925048977136611938e-01 5.532368421554565430e-01
2.830955386161804199e-01 1.959225386381149292e-01 1.565117686986923218e-01 1.768418848514556885e-01 1.784274131059646606e-01 1.362395882606506348e-01 5.793018639087677002e-02 1.503110956400632858e-02
3.233476355671882629e-02 7.977713644504547119e-02 2.268394976854324341e-01 4.279847443103790283e-01 2.469533681869506836e-01 1.329023689031600952e-01 4.698504135012626648e-02 6.223108153790235519e-03
9.715708345174789429e-02 3.434498310089111328e-01 3.101811110973358154e-01 2.420912235975265503e-01 1.614495366811752319e-01 4.334992170333862305e-02 2.308987546712160110e-03 1.234752744494471699e-05
1.345852315425872803e-01 2.134353816509246826e-01 2.425898313522338867e-01 2.589026987552642822e-01 2.443525046110153198e-01 9.017494320869445801e-02 1.202653441578149796e-02 3.932937979698181152e-03
1.259577693417668343e-03 7.264121621847152710e-02 7.067366838455200195e-01 3.046090006828308105e-01 1.027942448854446411e-01 1.193758938461542130e-02 2.171685628127306700e-05 0.000000000000000000e+00
1.908702962100505829e-02 2.528008632361888885e-02 2.886331453919410706e-02 6.908997148275375366e-02 2.327051758766174316e-01 7.595523595809936523e-01 6.542210280895233154e-02 0.000000000000000000e+00
1.202205121517181396e-01 1.707205921411514282e-01 1.621356308460235596e-01 3.527284860610961914e-01 1.044249385595321655e-01 9.246876835823059082e-02 8.115878701210021973e-02 1.161423474550247192e-01
7.689508795738220215e-02 1.828842163085937500e-01 4.177834093570709229e-01 2.191793173551559448e-01 1.482027769088745117e-01 1.334793120622634888e-01 1.966767199337482452e-02 1.908255158923566341e-03
1.847484707832336426e-01 1.535812020301818848e-01 1.297721415758132935e-01 1.415161937475204468e-01 1.810421198606491089e-01 2.660665512084960938e-01 1.380822658538818359e-01 5.191086791455745697e-03
1.536664366722106934e-01 3.787802457809448242e-01 2.146328240633010864e-01 2.301453948020935059e-01 1.208219975233078003e-01 5.859101191163063049e-02 2.526810579001903534e-02 1.809401251375675201e-02
2.082205563783645630e-01 3.382082581520080566e-01 3.420370221138000488e-01 1.820594519376754761e-01 5.033564940094947815e-02 4.968189448118209839e-02 2.942487783730030060e-02 3.233503230148926377e-05
3.394775986671447754e-01 5.041754841804504395e-01 1.444566547870635986e-01 7.036813348531723022e-02 6.550092995166778564e-02 4.451652616262435913e-02 2.810025773942470551e-02 3.404456423595547676e-03
1.683362126350402832e-01 1.684281975030899048e-01 5.188692212104797363e-01 2.466626614332199097e-01 8.750970661640167236e-02 1.017352193593978882e-02 2.054861579381395131e-05 0.000000000000000000e+00
5.011180043220520020e-01 2.363982051610946655e-01 9.654113650321960449e-02 7.349989563226699829e-02 6.892841309309005737e-02 1.185391768813133240e-01 8.973734080791473389e-02 1.523789484053850174e-02
1.219300255179405212e-01 2.462763935327529907e-01 3.528127074241638184e-01 2.883875966072082520e-01 1.494045257568359375e-01 2.841599471867084503e-02 9.064175188541412354e-03 3.708636388182640076e-03
1.235933080315589905e-01 3.294719383120536804e-02 1.735048368573188782e-02 2.986181676387786865e-01 4.155786633491516113e-01 2.954296171665191650e-01 1.648005470633506775e-02 2.582878096291096881e-06
5.397301632910966873e-03 3.038052842020988464e-02 4.972297847270965576e-01 3.106462955474853516e-01 1.294716745615005493e-01 1.383361816406250000e-01 7.086125016212463379e-02 1.767702959477901459e-02
2.648208476603031158e-02 2.003936469554901123e-02 1.330157816410064697e-01 4.985726475715637207e-01 3.685020208358764648e-01 1.483567953109741211e-01 5.028034560382366180e-03 3.307917722850106657e-06
9.530334174633026123e-02 1.276878565549850464e-01 8.471660315990447998e-02 9.037026762962341309e-02 3.191726207733154297e-01 3.579166531562805176e-01 1.188719943165779114e-01 5.960708018392324448e-03
2.290144860744476318e-01 6.343538165092468262e-01 1.220497563481330872e-01 1.083818897604942322e-01 5.324454978108406067e-02 2.170735597610473633e-02 5.833264905959367752e-03 2.541488781571388245e-02
4.580849409103393555e-01 3.441000282764434814e-01 9.414509683847427368e-02 1.762491166591644287e-01 1.154627874493598938e-01 1.142431236803531647e-02 4.887899267487227917e-04 4.495945177040994167e-05
7.795958966016769409e-02 1.321582198143005371e-01 1.460022926330566406e-01 1.529946923255920410e-01 3.383082449436187744e-01 2.591672241687774658e-01 9.340977668762207031e-02 0.000000000000000000e+00
6.389299873262643814e-03 4.748863726854324341e-02 1.328363567590713501e-01 1.795442998409271240e-01 1.295864433050155640e-01 5.861920118331909180e-01 1.129554733633995056e-01 5.007530562579631805e-03
8.573611266911029816e-03 1.005197912454605103e-01 1.977767795324325562e-01 2.557291090488433838e-01 2.482031881809234619e-01 3.644695580005645752e-01 2.472802065312862396e-02 0.000000000000000000e+00
4.913663491606712341e-03 2.642602100968360901e-02 2.252427190542221069e-01 5.583389997482299805e-01 3.044541180133819580e-01 7.684133201837539673e-02 3.632687265053391457e-03 1.505003310739994049e-04
1.535819023847579956e-01 5.843531489372253418e-01 1.838824599981307983e-01 6.048994138836860657e-02 9.566394239664077759e-02 6.252085417509078979e-02 5.789200961589813232e-02 1.615832210518419743e-03
1.295301190111786127e-04 3.682421520352363586e-02 1.035331487655639648e-01 4.200817644596099854e-02 1.833080686628818512e-02 2.601525187492370605e-01 6.020477414131164551e-01 1.369739621877670288e-01
1.533114016056060791e-01 3.269770145416259766e-01 3.440935909748077393e-01 1.702938526868820190e-01 8.627754449844360352e-02 3.914660215377807617e-02 5.366272851824760437e-02 2.623730525374412537e-02
8.619654178619384766e-02 2.394782900810241699e-01 1.794428229331970215e-01 7.361812889575958252e-02 2.558125257492065430e-01 2.334252446889877319e-01 1.119108721613883972e-01 2.011561766266822815e-02
1.275150291621685028e-02 9.896565973758697510e-02 1.313003897666931152e-01 1.324023157358169556e-01 7.669376581907272339e-02 7.403916865587234497e-02 6.585931181907653809e-01 1.525411009788513184e-02
2.131239324808120728e-01 1.379339247941970825e-01 9.776134043931961060e-02 1.613118499517440796e-01 2.619667649269104004e-01 2.456481903791427612e-01 8.220747113227844238e-02 4.655800876207649708e-05
1.063559204339981079e-01 9.354005008935928345e-02 1.380550414323806763e-01 2.112853527069091797e-01 1.975781917572021484e-01 2.902623713016510010e-01 1.551739722490310669e-01 7.749152835458517075e-03
1.087246313691139221e-01 2.067110836505889893e-01 2.836496531963348389e-01 1.863571405410766602e-01 1.912835836410522461e-01 1.257921606302261353e-01 8.815287053585052490e-02 9.328935295343399048e-03
5.206430703401565552e-02 1.334892511367797852e-01 3.023979067802429199e-01 2.619985640048980713e-01 1.530063897371292114e-01 1.474601030349731445e-01 1.474691331386566162e-01 2.114416100084781647e-03
1.120686531066894531e-03 2.941854298114776611e-02 2.280712127685546875e-02 4.234435409307479858e-02 8.896595835685729980e-01 2.092441022396087646e-01 4.516261629760265350e-03 8.894270285964012146e-04
1.097488179802894592e-01 2.035090625286102295e-01 2.327958345413208008e-01 2.346242815256118774e-01 2.573470175266265869e-01 1.373873353004455566e-01 2.423489093780517578e-02 3.528374072629958391e-04
1.453683078289031982e-01 3.670553863048553467e-01 2.870498001575469971e-01 2.185278534889221191e-01 1.016829833388328552e-01 7.945645600557327271e-02 5.006945575587451458e-04 3.585618978831917048e-04
9.841809421777725220e-02 1.451210230588912964e-01 1.598404645919799805e-01 2.196248769760131836e-01 2.398324757814407349e-01 2.487306147813796997e-01 8.430227637290954590e-02 4.130201879888772964e-03
4.836496373172849417e-04 5.655029416084289551e-01 3.723666071891784668e-01 1.503856182098388672e-01 4.906865209341049194e-02 2.297117933630943298e-02 3.774863481521606445e-02 1.472734846174716949e-03
5.036866068840026855e-01 2.570077180862426758e-01 3.481614589691162109e-02 6.562121212482452393e-02 1.359854787588119507e-01 1.478531360626220703e-01 5.368605628609657288e-02 1.343707088381052017e-03
6.258866935968399048e-02 1.368267834186553955e-01 1.717549562454223633e-01 2.128166705369949341e-01 2.857109010219573975e-01 2.430754303932189941e-01 8.380106091499328613e-02 3.425575792789459229e-03
1.832141354680061340e-02 6.336688995361328125e-02 1.793712973594665527e-01 1.755973696708679199e-01 6.842975616455078125e-01 7.448300719261169434e-02 4.535099491477012634e-03 2.737307113420683891e-05
2.867531403899192810e-02 2.547304630279541016e-01 6.669672727584838867e-01 2.333475500345230103e-01 1.014789752662181854e-02 4.304125439375638962e-03 1.738866674713790417e-03 8.854200859786942601e-05
2.325307875871658325e-01 3.149960339069366455e-01 2.351204305887222290e-01 1.494732797145843506e-01 1.363668143749237061e-01 1.224433258175849915e-01 9.038254618644714355e-03 3.109815588686615229e-05
1.174662975245155394e-04 4.899385850876569748e-03 1.499851327389478683e-02 2.396044880151748657e-01 5.454525351524353027e-01 3.232672512531280518e-01 3.729034587740898132e-02 3.437004610896110535e-02
1.068904846906661987e-01 1.278759092092514038e-01 1.518481671810150146e-01 2.512393295764923096e-01 3.193833231925964355e-01 2.317704707384109497e-01 1.089675817638635635e-02 9.560325997881591320e-05
8.883304893970489502e-02 6.755261868238449097e-02 1.529010087251663208e-01 2.053054720163345337e-01 1.818038374185562134e-01 3.636847734451293945e-01 1.398050040006637573e-01 1.142660839832387865e-04
4.259352684020996094e-01 1.560758948326110840e-01 3.476696833968162537e-02 2.585775405168533325e-02 3.612061217427253723e-02 1.693620383739471436e-01 3.518806099891662598e-01 8.876370429788948968e-07
1.371361166238784790e-01 1.128442212939262390e-01 3.485444486141204834e-01 2.780487835407257080e-01 2.261408418416976929e-01 9.728560596704483032e-02 0.000000000000000000e+00 0.000000000000000000e+00
8.960824925452470779e-04 2.144437283277511597e-02 9.721374511718750000e-02 1.616812795400619507e-01 1.055137068033218384e-01 6.204867362976074219e-01 1.925569176673889160e-01 2.072190836770460010e-04
1.938468366861343384e-01 4.511118233203887939e-01 1.070246845483779907e-01 9.370680153369903564e-02 7.373503595590591431e-02 1.159738376736640930e-01 1.632097810506820679e-01 1.391269266605377197e-03
2.024607658386230469e-01 1.401999294757843018e-01 1.204633861780166626e-01 1.860295236110687256e-01 3.059192895889282227e-01 1.587163805961608887e-01 8.565022051334381104e-02 5.605381447821855545e-04
3.227712120860815048e-03 4.561832919716835022e-02 2.022193223237991333e-01 2.485464811325073242e-01 1.676638126373291016e-01 3.479473590850830078e-01 1.707143336534500122e-01 1.406269799917936325e-02
4.802648723125457764e-01 2.803214490413665771e-01 1.559137105941772461e-01 1.589583307504653931e-01 1.041488125920295715e-01 1.989285834133625031e-02 5.000000237487256527e-04 0.000000000000000000e+00
3.513254597783088684e-02 2.839407622814178467e-01 2.847023606300354004e-01 1.085069924592971802e-01 4.307987168431282043e-02 3.156209886074066162e-01 1.288878023624420166e-01 1.287374470848590136e-04
7.047208398580551147e-02 1.793380081653594971e-01 3.193426430225372314e-01 3.373905420303344727e-01 2.301805019378662109e-01 5.124991014599800110e-02 8.215391077101230621e-03 3.810974070802330971e-03
2.311140000820159912e-01 6.993227005004882812e-01 1.354974955320358276e-01 4.736927151679992676e-02 3.413344547152519226e-02 2.621281147003173828e-02 1.656563952565193176e-02 9.784650057554244995e-03
6.828483939170837402e-02 2.040624767541885376e-01 2.097319215536117554e-01 2.043374329805374146e-01 3.233549594879150391e-01 1.334251016378402710e-01 4.604098945856094360e-02 1.076232269406318665e-02
3.301905989646911621e-01 2.707240879535675049e-01 1.679296046495437622e-01 1.679470986127853394e-01 1.553381383419036865e-01 9.322722256183624268e-02 1.167414151132106781e-02 2.969163702800869942e-03
9.836112707853317261e-02 7.475393414497375488e-01 1.571919769048690796e-01 7.698525488376617432e-02 6.559871882200241089e-02 1.940028928220272064e-02 4.822797141969203949e-03 3.010053932666778564e-02
2.295927405357360840e-01 1.721366047859191895e-01 1.283045262098312378e-01 1.989398598670959473e-01 2.338558882474899292e-01 1.838195472955703735e-01 4.982331022620201111e-02 3.527569118887186050e-03
1.896229572594165802e-02 4.130430817604064941e-01 4.820076823234558105e-01 2.649049758911132812e-01 1.876320131123065948e-02 1.455549383535981178e-03 7.344668847508728504e-04 1.288244820898398757e-04
9.370093792676925659e-02 1.172707974910736084e-01 1.420772224664688110e-01 1.743701398372650146e-01 3.215754926204681396e-01 3.477628529071807861e-01 3.103929571807384491e-03 1.386596122756600380e-04
5.929995179176330566e-01 4.526854455471038818e-01 7.611030340194702148e-02 3.024145774543285370e-02 2.438655868172645569e-02 1.658869534730911255e-02 5.868471227586269379e-03 1.119635067880153656e-03
6.127866730093955994e-02 3.500525280833244324e-02 8.745747804641723633e-02 3.459253311157226562e-01 3.475247919559478760e-01 2.525486946105957031e-01 7.008618861436843872e-02 1.736349513521417975e-04
9.972923249006271362e-02 2.039790153503417969e-01 2.426804453134536743e-01 2.124691754579544067e-01 1.704905033111572266e-01 1.778778880834579468e-01 8.455140888690948486e-02 8.222356438636779785e-03
2.139308750629425049e-01 6.532901525497436523e-02 9.778622537851333618e-02 1.954007297754287720e-01 3.005319535732269287e-01 2.186165601015090942e-01 1.075100600719451904e-01 8.946156012825667858e-04
3.802876174449920654e-01 3.146076202392578125e-01 1.607474088668823242e-01 1.860108971595764160e-01 1.132462248206138611e-01 2.552597224712371826e-02 1.622585020959377289e-02 3.348477650433778763e-03
6.171443685889244080e-02 7.885912060737609863e-02 1.350852400064468384e-01 1.968284696340560913e-01 2.615741193294525146e-01 1.927836239337921143e-01 1.560927480459213257e-01 1.170622929930686951e-01
1.460006684064865112e-01 7.230348885059356689e-02 1.374943703413009644e-01 1.691286414861679077e-01 5.583936572074890137e-01 1.096927300095558167e-01 6.986454129219055176e-03 0.000000000000000000e+00
6.250381469726562500e-01 2.384188920259475708e-01 6.389456987380981445e-02 4.974290356040000916e-02 5.351814255118370056e-02 7.785436511039733887e-02 7.975123822689056396e-02 1.178183499723672867e-02
5.735016465187072754e-01 3.062150776386260986e-01 1.161859109997749329e-01 3.919050842523574829e-02 5.126595124602317810e-02 5.534876510500907898e-02 5.722590908408164978e-02 1.066238735802471638e-03
3.876124322414398193e-02 1.008927524089813232e-01 1.825730204582214355e-01 1.780016273260116577e-01 2.781822681427001953e-01 3.890207707881927490e-01 1.687590032815933228e-02 1.569246314465999603e-02
1.398090720176696777e-01 2.551375031471252441e-01 3.734612762928009033e-01 1.568510085344314575e-01 1.644448786973953247e-01 1.060286834836006165e-01 4.193450324237346649e-03 7.416987500619143248e-05
4.349951446056365967e-02 1.205172091722488403e-01 1.286506354808807373e-01 1.402823925018310547e-01 2.106889784336090088e-01 3.632164895534515381e-01 1.813703179359436035e-01 1.177450548857450485e-02
8.830410242080688477e-02 2.626999020576477051e-01 2.260981947183609009e-01 3.028369545936584473e-01 2.050196379423141479e-01 8.134204149246215820e-02 2.822881564497947693e-02 5.470387171953916550e-03
1.126419752836227417e-02 1.822035759687423706e-02 6.076937541365623474e-02 3.670566976070404053e-01 3.839122056961059570e-01 3.438107967376708984e-01 1.488191634416580200e-02 8.449938468402251601e-05
2.588596753776073456e-02 2.397970259189605713e-01 2.672911882400512695e-01 2.604072093963623047e-01 1.895259469747543335e-01 1.117486357688903809e-01 7.515944540500640869e-02 3.018462844192981720e-02
3.016198277473449707e-01 6.694929003715515137e-01 1.965152770280838013e-01 2.804253809154033661e-02 9.757270454429090023e-04 1.061043119989335537e-03 1.129536191001534462e-03 1.163181965239346027e-03
1.313439756631851196e-01 2.098914682865142822e-01 3.322221636772155762e-01 3.182836771011352539e-01 1.404887437820434570e-01 5.200292915105819702e-02 1.145640574395656586e-02 4.310687072575092316e-03
4.114985466003417969e-01 6.899117231369018555e-01 8.250112086534500122e-02 1.110528782010078430e-02 2.788311103358864784e-03 1.614069100469350815e-03 5.809552385471761227e-04 0.000000000000000000e+00
1.751333922147750854e-01 2.733344435691833496e-01 3.571224808692932129e-01 2.549210488796234131e-01 1.098498106002807617e-01 2.511778287589550018e-02 4.521073773503303528e-03 0.000000000000000000e+00
2.579735219478607178e-01 3.867450058460235596e-01 3.384687304496765137e-01 1.331430524587631226e-01 3.353414684534072876e-02 6.907428149133920670e-03 3.635388985276222229e-02 6.874310318380594254e-03
1.097792237997055054e-01 1.967975348234176636e-01 1.545870453119277954e-01 2.990477681159973145e-01 3.385421335697174072e-01 9.277993440628051758e-02 8.349062874913215637e-03 1.173534692497923970e-04
2.379750162363052368e-01 2.547768950462341309e-01 2.052551656961441040e-01 1.665811687707901001e-01 2.042966485023498535e-01 1.086974516510963440e-01 2.129122614860534668e-02 1.126487506553530693e-03
1.792468130588531494e-01 1.434567868709564209e-01 1.797064542770385742e-01 8.014416694641113281e-02 5.997095704078674316e-01 1.361608784645795822e-02 2.657613018527626991e-03 1.462522894144058228e-03
1.239338144659996033e-01 7.302317023277282715e-01 2.632624208927154541e-01 5.278487503528594971e-02 1.881796866655349731e-02 5.541371181607246399e-03 3.158392617478966713e-03 2.269503660500049591e-03
1.646858900785446167e-01 2.795390188694000244e-01 3.938218653202056885e-01 2.281585633754730225e-01 9.248635917901992798e-02 4.122888296842575073e-02 7.945376273710280657e-05 0.000000000000000000e+00
1.453648507595062256e-01 1.189061850309371948e-01 1.668960601091384888e-01 2.353552281856536865e-01 2.473875135183334351e-01 2.089015990495681763e-01 7.272209227085113525e-02 4.466491751372814178e-03
5.314843356609344482e-02 1.993939429521560669e-01 2.891354262828826904e-01 1.957438886165618896e-01 1.793049275875091553e-01 2.283889800310134888e-01 5.376134440302848816e-02 1.123095396906137466e-03
9.076335118152201176e-05 1.126717470469884574e-04 7.860941812396049500e-03 3.143583536148071289e-01 6.806020736694335938e-01 1.899311840534210205e-01 5.670101847499608994e-03 1.373969484120607376e-03
2.226082235574722290e-02 9.256114065647125244e-02 1.364705711603164673e-01 2.632517516613006592e-01 3.711848855018615723e-01 2.718882560729980469e-01 4.218962788581848145e-02 1.929943100549280643e-04
8.931565284729003906e-02 2.555887699127197266e-01 1.841407418251037598e-01 5.176525190472602844e-02 2.338261008262634277e-01 3.746543526649475098e-01 5.071665626019239426e-03 5.637491121888160706e-03
7.404818385839462280e-02 1.385166049003601074e-01 2.657573819160461426e-01 3.599158823490142822e-01 1.967355906963348389e-01 1.016524508595466614e-01 5.192428454756736755e-02 1.144966110587120056e-02
5.035660862922668457e-01 6.150723695755004883e-01 7.510673999786376953e-02 1.198432641103863716e-03 1.035735011100769043e-03 2.038505161181092262e-03 1.973638776689767838e-03 8.507064194418489933e-06
1.749276556074619293e-02 3.773421943187713623e-01 2.440356463193893433e-01 3.178814053535461426e-01 2.041126936674118042e-01 2.998359687626361847e-02 4.293457604944705963e-03 4.858289845287799835e-03
2.097739279270172119e-01 3.927012383937835693e-01 3.885364830493927002e-01 2.925984188914299011e-02 1.028469651937484741e-01 4.889524355530738831e-02 1.658205129206180573e-02 1.140429172664880753e-02
9.222684800624847412e-02 3.060081899166107178e-01 2.061070799827575684e-01 1.417449116706848145e-01 8.122156560420989990e-02 2.310834974050521851e-01 1.416079699993133545e-01 0.000000000000000000e+00
7.599779637530446053e-04 1.450075861066579819e-02 4.932411909103393555e-01 2.823766171932220459e-01 5.493296682834625244e-02 1.595135182142257690e-01 1.945379823446273804e-01 1.370028330711647868e-04
3.741612732410430908e-01 3.424175679683685303e-01 2.019004672765731812e-01 6.918437033891677856e-02 1.095666587352752686e-01 7.736001908779144287e-02 1.883393339812755585e-02 6.575761828571557999e-03
1.186800971627235413e-01 2.629373967647552490e-01 3.079788386821746826e-01 1.502590477466583252e-01 1.041449159383773804e-01 9.050823003053665161e-02 1.572589576244354248e-01 8.232564665377140045e-03
2.308609336614608765e-01 2.310001850128173828e-01 7.242571562528610229e-02 7.358784228563308716e-02 1.104754656553268433e-01 3.600606322288513184e-01 1.197920441627502441e-01 1.797206001356244087e-03
2.512972950935363770e-01 1.967749446630477905e-01 2.456146478652954102e-01 2.954066991806030273e-01 1.360681951045989990e-01 5.626526847481727600e-02 1.595860719680786133e-02 2.614379161968827248e-03
6.470210105180740356e-02 6.096386909484863281e-02 8.291178941726684570e-02 4.535191357135772705e-01 4.837190210819244385e-01 2.891793288290500641e-02 2.493369393050670624e-02 3.325004945509135723e-04
3.452300429344177246e-01 2.442505061626434326e-01 1.489790380001068115e-01 2.829064428806304932e-01 1.437333822250366211e-01 3.449225798249244690e-02 9.622907236916944385e-05 3.121577319689095020e-04
1.155458167195320129e-01 2.212624102830886841e-01 2.560723423957824707e-01 2.264688462018966675e-01 1.845116317272186279e-01 1.705691367387771606e-01 2.555692940950393677e-02 1.296976915909908712e-05
1.991534680128097534e-01 2.391292452812194824e-01 5.176939815282821655e-02 2.166154533624649048e-01 2.480291575193405151e-01 2.240939438343048096e-01 2.120937779545783997e-02 0.000000000000000000e+00
4.575372114777565002e-02 1.986957639455795288e-01 3.522899150848388672e-01 4.697718098759651184e-02 1.376026272773742676e-01 3.084781467914581299e-01 1.100661307573318481e-01 1.365811476716771722e-04
1.849680840969085693e-01 4.932898655533790588e-02 1.215378120541572571e-01 6.566037982702255249e-02 4.906227886676788330e-01 2.875925898551940918e-01 2.894027566071599722e-04 0.000000000000000000e+00
6.033067777752876282e-02 1.169060394167900085e-01 2.015300691127777100e-01 4.979253709316253662e-01 3.042890131473541260e-01 1.656662859022617340e-02 2.452253829687833786e-03 0.000000000000000000e+00
1.367837488651275635e-01 6.372693926095962524e-02 1.605905406177043915e-02 2.336679399013519287e-02 2.236556112766265869e-01 6.964380741119384766e-01 3.996976092457771301e-02 0.000000000000000000e+00
1.220121085643768311e-01 3.294216394424438477e-01 2.012336999177932739e-01 1.128839701414108276e-01 1.222572848200798035e-01 2.526072859764099121e-01 5.727307870984077454e-02 2.310965210199356079e-03
4.593341797590255737e-02 6.913332641124725342e-02 1.646802872419357300e-01 2.170969694852828979e-01 3.614116907119750977e-01 3.330038189888000488e-01 8.737689815461635590e-03 2.838140972016844898e-06
3.140998780727386475e-01 6.689479947090148926e-02 2.443305589258670807e-02 2.572531700134277344e-01 2.840988636016845703e-01 1.401672810316085815e-01 1.012002155184745789e-01 1.185279712080955505e-02
1.733276993036270142e-02 1.478185057640075684e-01 3.332315683364868164e-01 4.694463312625885010e-01 1.625246405601501465e-01 6.598940491676330566e-02 1.355184474959969521e-03 2.301646862179040909e-03
9.924408793449401855e-02 1.673278212547302246e-01 1.329779326915740967e-01 1.460248529911041260e-01 2.322779297828674316e-01 2.468801885843276978e-01 1.642286926507949829e-01 1.103853341192007065e-02
1.961467862129211426e-01 2.462485283613204956e-01 2.177853733301162720e-01 1.864758133888244629e-01 1.485262364149093628e-01 1.178506463766098022e-01 6.837545335292816162e-02 1.859118603169918060e-02
1.269938200712203979e-01 8.252817392349243164e-02 1.967395246028900146e-01 1.455996781587600708e-01 1.652412712574005127e-01 4.807061553001403809e-01 2.185175660997629166e-03 6.246928933251183480e-06
2.234229072928428650e-02 6.390807777643203735e-02 1.067785248160362244e-01 1.134798452258110046e-01 2.384356558322906494e-01 3.805522620677947998e-01 2.700378894805908203e-01 4.465490579605102539e-03
9.039824455976486206e-02 2.384080290794372559e-01 2.626992762088775635e-01 1.716929823160171509e-01 1.085080429911613464e-01 2.472536563873291016e-01 8.102296292781829834e-02 1.686201358097605407e-05
1.065361201763153076e-01 6.128517910838127136e-02 6.005512177944183350e-02 1.957934498786926270e-01 3.270902633666992188e-01 3.476443290710449219e-01 8.384682238101959229e-02 1.774876751005649567e-02
1.165935844182968140e-01 3.468327820301055908e-01 4.021739065647125244e-01 2.436253577470779419e-01 6.485123187303543091e-02 1.014359481632709503e-02 3.202126128599047661e-03 1.257744152098894119e-02
4.280511736869812012e-01 2.196232229471206665e-01 3.170966506004333496e-01 1.613275706768035889e-01 6.074929982423782349e-02 8.380216546356678009e-03 2.163863740861415863e-03 2.608048729598522186e-03
1.442859917879104614e-01 1.273893564939498901e-01 4.847336933016777039e-02 2.494368702173233032e-01 2.052369713783264160e-01 4.079192280769348145e-01 1.724416017532348633e-02 1.408836578775662929e-05
1.451944559812545776e-01 3.743797838687896729e-01 2.166873216629028320e-01 1.404799222946166992e-01 2.575861811637878418e-01 5.261444300413131714e-02 1.260376069694757462e-02 4.541896050795912743e-04
3.199799656867980957e-01 2.764288187026977539e-01 4.563152045011520386e-02 1.525714099407196045e-01 2.770709395408630371e-01 1.273411363363265991e-01 7.133103208616375923e-04 2.629514492582529783e-04
4.812432453036308289e-02 2.666405439376831055e-01 3.274773359298706055e-01 2.261860817670822144e-01 1.528181135654449463e-01 1.167688742280006409e-01 5.766858160495758057e-02 4.316161852329969406e-03
