1.785337179899215698e-01 1.602811068296432495e-01 1.011102199554443359e-01 8.404692262411117554e-02 1.192825809121131897e-01 2.690425813198089600e-01 8.764968067407608032e-02 5.318079274729825556e-05
0.000000000000000000e+00 0.000000000000000000e+00 0.000000000000000000e+00 1.000000000000000000e+00 0.000000000000000000e+00 0.000000000000000000e+00 0.000000000000000000e+00 0.000000000000000000e+00
1.818858534097671509e-01 2.261692099273204803e-02 2.648183703422546387e-02 3.136823773384094238e-01 4.121260941028594971e-01 3.226489946246147156e-02 1.094200927764177322e-02 0.000000000000000000e+00
2.679912373423576355e-02 1.693783998489379883e-01 2.451136410236358643e-01 1.789244115352630615e-01 1.791744083166122437e-01 1.194393709301948547e-01 5.123784020543098450e-02 2.993281371891498566e-02
3.006220608949661255e-02 1.038222312927246094e-01 2.058877199888229370e-01 3.491601645946502686e-01 1.828208565711975098e-01 1.018628999590873718e-01 2.588464878499507904e-02 4.992741160094738007e-04
1.653068326413631439e-02 1.881619356572628021e-02 4.938291385769844055e-02 1.118144094944000244e-01 2.962992489337921143e-01 3.876419961452484131e-01 1.144202500581741333e-01 5.094306077808141708e-03
2.728515537455677986e-03 3.029908426105976105e-02 2.823727130889892578e-01 5.635271072387695312e-01 1.050136685371398926e-01 1.171026378870010376e-02 4.320919048041105270e-03 2.771004255919251591e-05
1.041523963212966919e-01 7.722594588994979858e-02 9.819461405277252197e-02 1.807371675968170166e-01 3.771036267280578613e-01 1.476344317197799683e-01 1.495014131069183350e-02 1.687279564066557214e-06
4.898058250546455383e-02 4.307414293289184570e-01 2.900868952274322510e-01 1.185472756624221802e-01 1.000569015741348267e-01 5.635591223835945129e-03 1.796644064597785473e-03 4.154696129262447357e-03
4.404734969139099121e-01 1.525047123432159424e-01 1.296664029359817505e-01 1.307802051305770874e-01 9.587570279836654663e-02 3.485606610774993896e-02 7.226257584989070892e-03 8.617164567112922668e-03
2.021931558847427368e-01 2.439234256744384766e-01 8.227633684873580933e-02 8.787433803081512451e-02 1.104123666882514954e-01 1.199338734149932861e-01 1.493596136569976807e-01 4.026894457638263702e-03
9.961716085672378540e-02 1.527865678071975708e-01 3.051119446754455566e-01 3.156067132949829102e-01 1.230395510792732239e-01 2.945522312074899673e-03 7.895522285252809525e-04 1.029850755003280938e-04
8.848220854997634888e-02 1.178375408053398132e-01 1.933537572622299194e-01 2.324206978082656860e-01 1.609168350696563721e-01 1.007493957877159119e-01 9.213276952505111694e-02 1.410678680986166000e-02
3.594829142093658447e-02 1.603962182998657227e-01 9.268414974212646484e-02 2.139889299869537354e-01 3.184500932693481445e-01 1.735142618417739868e-01 5.018052645027637482e-03 0.000000000000000000e+00
4.067832138389348984e-03 9.678145498037338257e-02 4.089834690093994141e-01 1.739772856235504150e-01 1.010026037693023682e-01 1.071483939886093140e-01 7.899651676416397095e-02 2.904242835938930511e-02
2.427206933498382568e-01 3.135705590248107910e-01 1.765204221010208130e-01 9.957865625619888306e-02 2.946019917726516724e-02 7.370728254318237305e-02 6.444219499826431274e-02 0.000000000000000000e+00
1.293484568595886230e-01 8.754557371139526367e-02 6.613484770059585571e-02 1.080100908875465393e-01 3.169027864933013916e-01 1.739151030778884888e-01 1.179580390453338623e-01 1.851105334935709834e-04
1.750627309083938599e-01 2.972459197044372559e-01 1.034316197037696838e-01 1.719243973493576050e-01 1.858720183372497559e-01 3.159347549080848694e-02 3.417659923434257507e-02 6.932246033102273941e-04
2.906736172735691071e-02 4.359152913093566895e-02 1.238755807280540466e-01 8.021995425224304199e-02 1.002559065818786621e-01 4.285385310649871826e-01 1.866957843303680420e-01 7.755369879305362701e-03
1.696772873401641846e-03 4.448784142732620239e-02 3.313064575195312500e-01 4.500736296176910400e-01 6.877328455448150635e-02 9.042873233556747437e-02 1.272579655051231384e-02 5.074893124401569366e-04
5.736625939607620239e-02 5.247630178928375244e-02 5.912404879927635193e-02 1.771827042102813721e-01 1.812084913253784180e-01 3.681160211563110352e-01 1.023819595575332642e-01 2.144215628504753113e-03
7.006749510765075684e-02 1.761635839939117432e-01 2.309440374374389648e-01 2.068127840757369995e-01 1.564103960990905762e-01 1.127892732620239258e-01 4.517597705125808716e-02 1.636441214941442013e-03
5.219005420804023743e-02 1.190667450428009033e-01 3.758493065834045410e-01 3.766584694385528564e-01 6.960459053516387939e-02 3.733385587111115456e-03 1.894953544251620770e-03 1.002510776743292809e-03
4.320907965302467346e-02 1.503456085920333862e-01 1.559833288192749023e-01 2.560577988624572754e-01 1.683014780282974243e-01 1.267352700233459473e-01 8.653479069471359253e-02 1.283265091478824615e-02
2.517610602080821991e-02 4.294698685407638550e-02 2.890135534107685089e-02 5.843053385615348816e-02 4.218632876873016357e-01 2.694437801837921143e-01 1.508326679468154907e-01 2.405269537121057510e-03
2.052844129502773285e-02 1.038787439465522766e-01 2.041628360748291016e-01 2.846492528915405273e-01 2.755911648273468018e-01 9.629860520362854004e-02 1.425545196980237961e-02 6.355097284540534019e-04
3.204829394817352295e-01 1.921431720256805420e-01 1.101995706558227539e-01 8.961591869592666626e-02 1.178507357835769653e-01 1.190331131219863892e-01 4.845030233263969421e-02 2.224253490567207336e-03
1.362221837043762207e-01 2.078203707933425903e-01 2.498837858438491821e-01 1.407757848501205444e-01 1.423718035221099854e-01 7.469702512025833130e-02 3.189722076058387756e-02 1.633183471858501434e-02
3.677886724472045898e-01 1.497063487768173218e-01 1.017239913344383240e-01 5.546606704592704773e-02 9.014196693897247314e-02 1.957748979330062866e-01 3.864611685276031494e-02 7.519350037910044193e-04
1.213835645467042923e-02 1.277958750724792480e-01 2.845322489738464355e-01 2.414847612380981445e-01 1.718958467245101929e-01 1.074450016021728516e-01 4.096011072397232056e-02 1.374781038612127304e-02
5.145020782947540283e-02 6.200706958770751953e-01 2.513690590858459473e-01 7.587152719497680664e-02 8.943726425059139729e-04 2.490067563485354185e-04 9.512618271401152015e-05 0.000000000000000000e+00
2.067171633243560791e-01 3.234041035175323486e-01 2.030726373195648193e-01 1.376593261957168579e-01 7.868684083223342896e-02 4.345119372010231018e-02 5.706724245101213455e-03 1.302030635997653008e-03
1.106416732072830200e-01 3.961413800716400146e-01 2.109254449605941772e-01 1.061257049441337585e-01 5.918339267373085022e-02 1.047643125057220459e-01 8.455591276288032532e-03 3.762508276849985123e-03
3.456622660160064697e-01 3.340146541595458984e-01 1.389841139316558838e-01 5.279539525508880615e-02 4.912718385457992554e-02 4.322866350412368774e-02 2.943635359406471252e-02 6.751357112079858780e-03
1.750207245349884033e-01 3.040414750576019287e-01 1.561736613512039185e-01 1.048520579934120178e-01 5.336733907461166382e-02 3.217483684420585632e-02 8.025348931550979614e-02 9.411639720201492310e-02
1.115631032735109329e-02 1.742176525294780731e-02 7.411661744117736816e-02 2.575230598449707031e-01 3.092526197433471680e-01 1.818191558122634888e-01 1.340525448322296143e-01 1.465794537216424942e-02
4.307077731937170029e-03 3.369140625000000000e-02 5.462919920682907104e-02 2.956490404903888702e-02 2.681984007358551025e-02 3.712265491485595703e-01 4.797610342502593994e-01 0.000000000000000000e+00
4.210609197616577148e-01 1.589847356081008911e-01 6.912605464458465576e-02 9.340012818574905396e-02 1.579328626394271851e-01 9.722269326448440552e-02 1.737703103572130203e-03 5.348955746740102768e-04
1.343048959970474243e-01 1.654264330863952637e-01 7.069764286279678345e-02 1.662107408046722412e-01 7.667444646358489990e-02 3.144467473030090332e-01 7.198219746351242065e-02 2.569112693890929222e-04
1.319313794374465942e-01 2.174069285392761230e-01 2.618857622146606445e-01 2.496389895677566528e-01 9.102536737918853760e-02 3.526271507143974304e-02 1.014589425176382065e-02 2.702956087887287140e-03
7.438112050294876099e-03 5.009854957461357117e-02 5.817823857069015503e-02 1.590280681848526001e-01 3.392705023288726807e-01 2.854305803775787354e-01 9.063114225864410400e-02 9.924796409904956818e-03
7.028062641620635986e-02 2.966777421534061432e-02 6.144129484891891479e-02 2.126224637031555176e-01 2.983869314193725586e-01 2.413211315870285034e-01 8.594825863838195801e-02 3.315190551802515984e-04
1.864682883024215698e-02 5.132472142577171326e-02 1.490716040134429932e-01 2.033024132251739502e-01 2.425879091024398804e-01 2.366671413183212280e-01 9.564737230539321899e-02 2.752008382230997086e-03
1.875604689121246338e-01 1.419225335121154785e-01 1.748230904340744019e-01 1.665625125169754028e-01 1.813834607601165771e-01 1.389497220516204834e-01 8.783461526036262512e-03 1.474496275477577001e-05
4.447666928172111511e-02 1.040444895625114441e-01 1.110801249742507935e-01 1.047961264848709106e-01 1.076804995536804199e-01 1.639150977134704590e-01 3.631438016891479492e-01 8.631863165646791458e-04
2.117550075054168701e-01 3.450531661510467529e-01 1.951080411672592163e-01 4.913908615708351135e-02 4.125349596142768860e-02 8.629027754068374634e-02 2.920616418123245239e-02 4.219476878643035889e-02
8.450349420309066772e-02 3.416053354740142822e-01 3.132976591587066650e-01 1.616078913211822510e-01 7.657576352357864380e-02 1.361672952771186829e-02 8.761136792600154877e-03 3.198182093910872936e-05
2.241285704076290131e-02 7.473626732826232910e-02 1.151056662201881409e-01 5.649965628981590271e-02 2.116056680679321289e-01 4.243914186954498291e-01 8.262416720390319824e-02 1.262428052723407745e-02
3.615482896566390991e-02 5.511781200766563416e-02 6.884277611970901489e-02 2.657287716865539551e-01 4.073454439640045166e-01 1.547893285751342773e-01 1.198667567223310471e-02 3.433294477872550488e-05
3.921568568330258131e-04 4.590909183025360107e-02 1.653475910425186157e-01 2.072816342115402222e-01 2.093315571546554565e-01 3.668983876705169678e-01 4.839572124183177948e-03 0.000000000000000000e+00
1.607051491737365723e-01 3.120768964290618896e-01 6.347542256116867065e-02 1.707730293273925781e-01 2.104949951171875000e-01 8.095847815275192261e-02 1.516037737019360065e-03 0.000000000000000000e+00
4.650013893842697144e-02 1.489098668098449707e-01 2.592498064041137695e-01 2.953241765499114990e-01 1.964978277683258057e-01 4.472904652357101440e-02 7.764075882732868195e-03 1.025067642331123352e-03
8.744452893733978271e-02 1.260387152433395386e-01 6.165085732936859131e-02 4.662487283349037170e-02 9.995368868112564087e-02 4.919787943363189697e-01 8.607128262519836426e-02 2.372573799220845103e-04
1.217137323692440987e-04 4.109740257263183594e-02 7.849508523941040039e-01 1.179390847682952881e-01 1.874163188040256500e-02 1.351630967110395432e-02 1.307129394263029099e-02 1.056170929223299026e-02
2.273061498999595642e-02 4.275956004858016968e-02 1.343128532171249390e-01 5.659407973289489746e-01 1.786644011735916138e-01 2.753815427422523499e-02 1.434216368943452835e-02 1.371146831661462784e-02
8.044985588639974594e-05 4.948685467243194580e-01 2.608954012393951416e-01 1.478314548730850220e-01 3.100648336112499237e-02 1.632161065936088562e-02 1.519253849983215332e-02 3.380350396037101746e-02
1.472805589437484741e-01 7.166721671819686890e-02 2.572367154061794281e-02 7.408761233091354370e-02 9.801595658063888550e-02 1.634844094514846802e-01 3.995307087898254395e-01 2.020988799631595612e-02
2.126024514436721802e-01 3.922230899333953857e-01 2.251591831445693970e-01 1.068186089396476746e-01 3.501021116971969604e-02 1.296108495444059372e-02 9.043141268193721771e-03 6.182223092764616013e-03
6.919161230325698853e-02 1.030372083187103271e-01 1.109912395477294922e-01 1.612840741872787476e-01 1.806374192237854004e-01 1.495229452848434448e-01 1.835223883390426636e-01 4.181312397122383118e-02
2.685594260692596436e-01 1.757051348686218262e-01 1.253994256258010864e-01 1.114128157496452332e-01 1.678291410207748413e-01 1.309636533260345459e-01 1.993045397102832794e-02 1.999402884393930435e-04
1.156385987997055054e-01 1.441668719053268433e-01 9.815368801355361938e-02 1.729532778263092041e-01 2.317353338003158569e-01 2.035050243139266968e-01 3.285525366663932800e-02 9.919590083882212639e-04
5.320138111710548401e-02 1.668100953102111816e-01 2.045361101627349854e-01 2.000634968280792236e-01 1.470529139041900635e-01 1.377945691347122192e-01 7.915434986352920532e-02 1.138707343488931656e-02
2.292332798242568970e-01 3.925342857837677002e-01 9.506839513778686523e-02 7.079218327999114990e-02 5.505176261067390442e-02 4.233331978321075439e-02 5.931966006755828857e-02 5.566713586449623108e-02
2.702003531157970428e-02 2.721702754497528076e-01 2.557855248451232910e-01 1.622077226638793945e-01 1.127531901001930237e-01 9.379643201828002930e-02 4.809587448835372925e-02 2.817092835903167725e-02
1.051279529929161072e-01 2.506952583789825439e-01 1.980759799480438232e-01 1.592401415109634399e-01 1.507177203893661499e-01 9.664632380008697510e-02 3.042490594089031219e-02 9.071725420653820038e-03
8.637633174657821655e-03 2.134030684828758240e-02 6.261705607175827026e-02 1.568457782268524170e-01 3.023395240306854248e-01 3.729879260063171387e-01 6.931704282760620117e-02 5.914750043302774429e-03
1.766369491815567017e-02 1.903117746114730835e-01 2.365627437829971313e-01 3.634135127067565918e-01 8.977555483579635620e-02 4.390696436166763306e-02 5.820512399077415466e-02 1.606407458893954754e-04
2.688562124967575073e-02 1.125933527946472168e-01 1.343013197183609009e-01 1.272665858268737793e-01 9.964802116155624390e-02 3.453629910945892334e-01 1.539409011602401733e-01 1.207474269904196262e-06
4.974659159779548645e-02 3.396954014897346497e-02 6.772790849208831787e-02 1.678569912910461426e-01 3.132086396217346191e-01 2.776090502738952637e-01 8.988127112388610840e-02 0.000000000000000000e+00
1.904914975166320801e-01 2.297140061855316162e-01 1.905875951051712036e-01 1.634147018194198608e-01 1.094259619712829590e-01 6.479794532060623169e-02 3.527636826038360596e-02 1.629192195832729340e-02
4.057951271533966064e-02 1.237421706318855286e-01 1.646577864885330200e-01 2.171668559312820435e-01 3.251478672027587891e-01 1.122994199395179749e-01 1.087042875587940216e-02 5.535970441997051239e-03
5.029236674308776855e-01 7.622842490673065186e-02 6.279878318309783936e-02 1.006077527999877930e-01 1.535032540559768677e-01 7.494114339351654053e-02 2.646530419588088989e-02 2.531650476157665253e-03
2.174580097198486328e-01 2.188003659248352051e-01 1.608785092830657959e-01 1.354722976684570312e-01 1.256564855575561523e-01 1.247426718473434448e-01 1.249430142343044281e-02 4.497358109802007675e-03
2.291370928287506104e-01 2.518016397953033447e-01 4.538576304912567139e-02 4.241923615336418152e-02 8.183144032955169678e-02 2.118806838989257812e-01 1.338987648487091064e-01 3.645377699285745621e-03
8.064516441663727164e-05 2.482372224330902100e-01 4.861792325973510742e-01 2.045998126268386841e-01 5.186472833156585693e-02 2.583688357844948769e-03 1.735392608679831028e-03 4.719263408333063126e-03
2.231554687023162842e-02 2.114858478307723999e-01 1.559734642505645752e-01 1.483153402805328369e-01 4.338745772838592529e-02 2.114395946264266968e-01 2.070827633142471313e-01 0.000000000000000000e+00
1.483006328344345093e-01 2.396755367517471313e-01 2.178346514701843262e-01 1.554996967315673828e-01 1.066240519285202026e-01 6.634534150362014771e-02 3.734788671135902405e-02 2.837219089269638062e-02
8.686824887990951538e-02 1.248599514365196228e-01 5.239837616682052612e-02 3.344561532139778137e-02 8.305428922176361084e-02 2.995943725109100342e-01 3.192030489444732666e-01 5.760854692198336124e-04
4.180966317653656006e-02 1.416675597429275513e-01 1.747870445251464844e-01 1.892922967672348022e-01 1.981999725103378296e-01 1.571347862482070923e-01 6.480479240417480469e-02 3.230388835072517395e-02
9.809090197086334229e-02 1.362643539905548096e-01 2.454397380352020264e-01 2.567223012447357178e-01 2.146006226539611816e-01 4.886175319552421570e-02 2.031673830060753971e-05 0.000000000000000000e+00
3.311338722705841064e-01 3.560776412487030029e-01 1.816329360008239746e-01 1.258137077093124390e-01 4.825028590857982635e-03 5.168264615349471569e-04 0.000000000000000000e+00 0.000000000000000000e+00
1.695881485939025879e-01 1.340851485729217529e-01 1.228323355317115784e-01 1.582335829734802246e-01 1.855734884738922119e-01 1.566574275493621826e-01 6.251630187034606934e-02 1.051358226686716080e-02
1.258430629968643188e-01 2.215809673070907593e-01 2.635931074619293213e-01 1.918203979730606079e-01 1.339106559753417969e-01 5.445399507880210876e-02 8.101535029709339142e-03 6.962901679798960686e-04
3.390695452690124512e-01 1.328240782022476196e-01 6.310997530817985535e-03 3.314135968685150146e-02 5.918025970458984375e-02 2.950236201286315918e-01 1.340069621801376343e-01 4.431492998264729977e-04
8.012764155864715576e-02 2.174290567636489868e-01 2.183978110551834106e-01 1.460777521133422852e-01 1.688352823257446289e-01 1.274476200342178345e-01 3.280905634164810181e-02 8.875769563019275665e-03
5.195082351565361023e-02 1.686384379863739014e-01 1.803848892450332642e-01 1.588726490736007690e-01 1.632816344499588013e-01 1.925623267889022827e-01 8.349978178739547729e-02 8.094391669146716595e-04
1.969270408153533936e-01 1.838670223951339722e-01 2.199447602033615112e-01 1.265040636062622070e-01 1.258156150579452515e-01 7.618958503007888794e-02 7.065378129482269287e-02 9.812479402171447873e-05
2.034972459077835083e-01 1.265448182821273804e-01 1.247091814875602722e-01 3.553547561168670654e-01 1.365163475275039673e-01 5.186076089739799500e-02 1.516899908892810345e-03 0.000000000000000000e+00
1.571788787841796875e-01 3.197716176509857178e-01 2.664557993412017822e-01 1.380929797887802124e-01 6.195630878210067749e-02 3.918297961354255676e-02 1.193898729979991913e-02 5.422458518296480179e-03
1.645125299692153931e-01 3.244258761405944824e-01 8.787143975496292114e-02 1.237148568034172058e-01 1.173561513423919678e-01 1.775103062391281128e-01 4.327611997723579407e-03 2.812420425470918417e-04
7.389529794454574585e-02 3.228044137358665466e-02 4.026300087571144104e-02 7.127410173416137695e-02 2.649135589599609375e-01 3.749788999557495117e-01 1.423083394765853882e-01 8.634982077637687325e-05
8.294124901294708252e-02 2.849932610988616943e-01 2.469377517700195312e-01 2.196061164140701294e-01 3.698084875941276550e-02 1.255319863557815552e-01 3.008779138326644897e-03 0.000000000000000000e+00
2.324958331882953644e-02 5.535981059074401855e-01 3.153429329395294189e-01 9.427641332149505615e-02 1.014924142509698868e-02 2.113598398864269257e-03 1.224497915245592594e-03 4.564578921417705715e-05
1.341645866632461548e-01 2.529939115047454834e-01 1.624219864606857300e-01 1.205620244145393372e-01 1.308647096157073975e-01 1.187833696603775024e-01 6.603304296731948853e-02 1.417637430131435394e-02
5.854243040084838867e-02 1.500561982393264771e-01 1.427158415317535400e-01 1.872111111879348755e-01 2.716491222381591797e-01 1.300316154956817627e-01 3.918160870671272278e-02 2.061206102371215820e-02
6.726010143756866455e-02 1.193549111485481262e-01 1.408011913299560547e-01 1.497715860605239868e-01 2.521005570888519287e-01 2.244823276996612549e-01 4.264807328581809998e-02 3.581267315894365311e-03
1.466690599918365479e-01 2.154358029365539551e-01 1.552466005086898804e-01 1.199670508503913879e-01 1.836342960596084595e-01 1.319377273321151733e-01 3.382446989417076111e-02 1.328499987721443176e-02
3.345586010254919529e-04 8.781077340245246887e-03 3.631481528282165527e-02 6.026399880647659302e-02 1.643030345439910889e-01 6.514029502868652344e-01 7.859085500240325928e-02 8.689833521202672273e-06
8.725256659090518951e-03 1.576757133007049561e-01 2.145016044378280640e-01 2.224407047033309937e-01 2.638808786869049072e-01 1.315428018569946289e-01 1.233045593835413456e-03 0.000000000000000000e+00
3.026140332221984863e-01 1.479361504316329956e-01 1.135406643152236938e-01 1.629605144262313843e-01 1.329729557037353516e-01 9.516727924346923828e-02 2.866518869996070862e-02 1.614321023225784302e-02
3.143353387713432312e-05 2.223674394190311432e-02 8.629001677036285400e-02 1.401976943016052246e-01 3.727156817913055420e-01 2.575820982456207275e-01 1.208999902009963989e-01 4.632310447050258517e-05
1.211338415741920471e-01 1.792857795953750610e-01 1.589430868625640869e-01 1.410634666681289673e-01 2.810167074203491211e-01 1.135020554065704346e-01 4.991695284843444824e-03 6.337966624414548278e-05
7.342975586652755737e-02 1.586771607398986816e-01 1.054173260927200317e-01 7.270286232233047485e-02 5.553999170660972595e-02 1.292838752269744873e-01 1.210600882768630981e-01 2.838889360427856445e-01
7.855851203203201294e-02 2.681098580360412598e-01 2.356987893581390381e-01 1.697542071342468262e-01 1.174567937850952148e-01 7.866272330284118652e-02 3.060837835073471069e-02 2.115076035261154175e-02
1.251947581768035889e-01 2.036374956369400024e-01 1.905131191015243530e-01 2.080559879541397095e-01 2.246051877737045288e-01 4.302443563938140869e-02 3.954715561121702194e-03 1.014297362416982651e-03
1.195468306541442871e-01 1.930396407842636108e-01 1.987592726945877075e-01 2.167134284973144531e-01 2.113107591867446899e-01 5.968060716986656189e-02 9.494642145000398159e-04 0.000000000000000000e+00
1.931343227624893188e-03 4.105447605252265930e-02 1.699208915233612061e-01 3.084216415882110596e-01 2.039768695831298828e-01 1.829507499933242798e-01 8.347910642623901367e-02 8.264925330877304077e-03
5.881975521333515644e-04 8.614308387041091919e-02 5.030419826507568359e-01 2.706983089447021484e-01 9.896352887153625488e-02 3.738500550389289856e-02 7.902429206296801567e-04 2.389611443504691124e-03
1.795289851725101471e-02 2.880295366048812866e-02 3.026337735354900360e-02 1.071753054857254028e-01 2.757664322853088379e-01 3.674066364765167236e-01 1.726282089948654175e-01 4.180601990810828283e-06
9.733748622238636017e-03 2.546057999134063721e-01 4.142896533012390137e-01 1.592829823493957520e-01 7.962012290954589844e-02 5.403351038694381714e-02 2.424426563084125519e-02 4.189924802631139755e-03
4.835956990718841553e-01 2.863026857376098633e-01 1.348200887441635132e-01 6.407004594802856445e-02 2.299267053604125977e-02 8.164667524397373199e-03 5.413959661382250488e-05 0.000000000000000000e+00
4.037993401288986206e-02 1.878165006637573242e-01 1.663060933351516724e-01 1.646112054586410522e-01 1.814203560352325439e-01 2.227122336626052856e-01 3.420774266123771667e-02 2.545917406678199768e-03
5.625912547111511230e-02 5.771001800894737244e-02 1.303850710391998291e-01 3.452911674976348877e-01 3.838928937911987305e-01 2.644163928925991058e-02 2.008153023780323565e-05 0.000000000000000000e+00
1.790965348482131958e-01 1.729803830385208130e-01 2.222736626863479614e-01 1.809498518705368042e-01 1.196990162134170532e-01 6.449496746063232422e-02 4.950832575559616089e-02 1.099725719541311264e-02
2.370515139773488045e-03 5.829065665602684021e-02 1.801377087831497192e-01 1.305241733789443970e-01 4.733881726861000061e-02 3.846454024314880371e-01 1.951714754104614258e-01 1.521247439086437225e-03
1.109536141157150269e-01 4.467569589614868164e-01 2.149758785963058472e-01 7.279777526855468750e-02 9.905008971691131592e-02 5.503525212407112122e-02 4.304267058614641428e-04 0.000000000000000000e+00
3.989760205149650574e-02 6.458584219217300415e-02 6.939917802810668945e-02 1.114098727703094482e-01 2.807984352111816406e-01 3.951984047889709473e-01 3.456018492579460144e-02 4.150474444031715393e-03
1.825017631053924561e-01 1.722747981548309326e-01 8.824226260185241699e-02 5.719553679227828979e-02 6.939277797937393188e-02 2.779103815555572510e-01 1.524752229452133179e-01 7.252589966810774058e-06
1.297304034233093262e-01 1.742571294307708740e-01 1.675495952367782593e-01 7.584736496210098267e-02 1.774263195693492889e-02 9.410490095615386963e-02 3.406607210636138916e-01 1.072436207323335111e-04
2.340379729866981506e-02 1.001082211732864380e-01 2.074901461601257324e-01 3.070846199989318848e-01 2.261107563972473145e-01 9.973702579736709595e-02 3.312296792864799500e-02 2.942480146884918213e-03
3.429806604981422424e-02 5.300248414278030396e-02 5.526479333639144897e-02 1.582804024219512939e-01 6.482812762260437012e-01 3.926553577184677124e-02 7.173857185989618301e-03 4.433601628988981247e-03
7.200659513473510742e-01 8.021505177021026611e-02 3.397014364600181580e-02 3.146853297948837280e-02 3.467622771859169006e-02 4.696743562817573547e-02 4.268673807382583618e-02 9.949926286935806274e-03
7.469853758811950684e-02 2.421731054782867432e-01 1.889507919549942017e-01 1.600783169269561768e-01 1.928601711988449097e-01 1.206869408488273621e-01 1.548833865672349930e-02 5.063802469521760941e-03
4.205016195774078369e-01 1.835716366767883301e-01 9.553829580545425415e-02 9.610664099454879761e-02 8.575542271137237549e-02 7.087517529726028442e-02 2.617714554071426392e-02 2.147406898438930511e-02
9.300595411332324147e-05 1.261990368366241455e-01 5.606499314308166504e-01 2.027208656072616577e-01 6.344611942768096924e-02 2.757124602794647217e-02 1.734460704028606415e-02 1.975205494090914726e-03
1.243034601211547852e-01 1.127885580062866211e-01 2.437571734189987183e-01 1.870886832475662231e-01 1.076432466506958008e-01 1.018120646476745605e-01 1.073330044746398926e-01 1.527381129562854767e-02
1.380710601806640625e-01 2.248848378658294678e-01 1.102395430207252502e-01 1.091059595346450806e-01 1.739231050014495850e-01 1.633328199386596680e-01 6.469327211380004883e-02 1.574940234422683716e-02
1.318230628967285156e-01 1.283669024705886841e-01 1.506499797105789185e-01 2.073040455579757690e-01 1.471522152423858643e-01 1.020626053214073181e-01 8.791555464267730713e-02 4.472562298178672791e-02
1.655524075031280518e-01 5.129447579383850098e-01 2.538565397262573242e-01 3.600751981139183044e-02 1.473860163241624832e-02 7.649734616279602051e-03 4.816041793674230576e-03 4.434404894709587097e-03
2.360804229974746704e-01 2.232240885496139526e-01 2.982971370220184326e-01 1.685727238655090332e-01 2.014945633709430695e-02 1.256526447832584381e-02 1.404020749032497406e-02 2.707070671021938324e-02
1.390614509582519531e-01 2.398244887590408325e-01 1.705049276351928711e-01 1.876653879880905151e-01 1.566618084907531738e-01 7.303771376609802246e-02 2.822930924594402313e-02 5.014942493289709091e-03
2.090061157941818237e-01 3.211633265018463135e-01 1.845324933528900146e-01 1.562802493572235107e-01 6.976324319839477539e-02 2.641067467629909515e-02 1.503698248416185379e-02 1.780690252780914307e-02
3.241047263145446777e-02 1.814226210117340088e-01 2.213246226310729980e-01 2.569865286350250244e-01 1.644203066825866699e-01 1.027015522122383118e-01 3.740573301911354065e-02 3.328165970742702484e-03
3.684279322624206543e-01 2.555068433284759521e-01 1.261575073003768921e-01 7.156591117382049561e-02 7.772650569677352905e-02 9.213966876268386841e-02 8.475619368255138397e-03 0.000000000000000000e+00
2.342209517955780029e-01 8.356903493404388428e-02 6.398765742778778076e-02 8.437408506870269775e-02 2.359301447868347168e-01 2.185522615909576416e-01 7.936586439609527588e-02 0.000000000000000000e+00
8.338785916566848755e-02 1.867601126432418823e-01 1.902693212032318115e-01 2.466195523738861084e-01 1.671021282672882080e-01 8.463996648788452148e-02 2.973497658967971802e-02 1.148608326911926270e-02
1.526991426944732666e-01 3.567574024200439453e-01 1.777325868606567383e-01 1.818046718835830688e-01 9.137484431266784668e-02 2.628108486533164978e-02 1.331414934247732162e-02 3.610185012803412974e-05
4.919797182083129883e-02 1.501157879829406738e-01 1.739056259393692017e-01 2.232976406812667847e-01 2.300745397806167603e-01 1.306596100330352783e-01 3.584192320704460144e-02 6.906901020556688309e-03
1.314532905817031860e-01 3.516311645507812500e-01 1.592093557119369507e-01 1.251375228166580200e-01 1.110983490943908691e-01 7.066999375820159912e-02 3.909112140536308289e-02 1.170918531715869904e-02
5.777186155319213867e-01 1.768776923418045044e-01 1.061102002859115601e-01 4.884516820311546326e-02 5.307115986943244934e-02 3.680252283811569214e-02 5.746490787714719772e-04 0.000000000000000000e+00
1.314489692449569702e-01 2.168771922588348389e-01 1.989528089761734009e-01 1.850013136863708496e-01 1.422017067670822144e-01 8.146368712186813354e-02 3.217727318406105042e-02 1.187704969197511673e-02
7.939469069242477417e-02 5.560858547687530518e-02 9.320162981748580933e-02 8.909425884485244751e-02 1.816161423921585083e-01 4.921612739562988281e-01 8.807705715298652649e-03 1.157005681307055056e-04
3.348402678966522217e-01 1.225156560540199280e-01 1.790761649608612061e-01 2.671153545379638672e-01 9.454315155744552612e-02 1.876960275694727898e-03 3.047971222258638591e-05 1.966433046618476510e-06
1.619739532470703125e-01 1.450022906064987183e-01 1.062119007110595703e-01 1.398433297872543335e-01 2.498208433389663696e-01 1.830274611711502075e-01 1.412021461874246597e-02 0.000000000000000000e+00
2.789716795086860657e-02 3.941350281238555908e-01 2.572840154170989990e-01 8.112772554159164429e-02 1.250344663858413696e-01 5.942945554852485657e-02 4.071501642465591431e-02 1.437711901962757111e-02
9.262560307979583740e-02 1.627999693155288696e-01 2.906664013862609863e-01 2.768796682357788086e-01 1.540079563856124878e-01 2.297257073223590851e-02 4.780734889209270477e-05 0.000000000000000000e+00
7.423107326030731201e-02 1.989567875862121582e-01 2.290018200874328613e-01 2.280406057834625244e-01 1.586178690195083618e-01 6.511323899030685425e-02 3.608561307191848755e-02 9.953002445399761200e-03
5.585912615060806274e-02 5.926411226391792297e-02 1.307825446128845215e-01 1.885152161121368408e-01 1.199288442730903625e-01 1.980919390916824341e-01 2.128902673721313477e-01 3.466795384883880615e-02
1.030853250995278358e-03 8.495018631219863892e-02 2.412887662649154663e-01 1.515498906373977661e-01 1.477920562028884888e-01 1.923782676458358765e-01 1.403559446334838867e-01 4.065402597188949585e-02
8.508282899856567383e-02 1.777271181344985962e-01 1.702020466327667236e-01 2.203446328639984131e-01 1.649805754423141479e-01 1.178683191537857056e-01 6.210067123174667358e-02 1.693805097602307796e-03
5.976093560457229614e-02 1.156011149287223816e-01 1.521329432725906372e-01 1.119125783443450928e-01 2.746272981166839600e-01 2.154508084058761597e-01 6.464285403490066528e-02 5.871462635695934296e-03
1.349400579929351807e-01 1.254468858242034912e-01 8.907812833786010742e-02 1.368863135576248169e-01 2.743546962738037109e-01 2.001546025276184082e-01 3.906821087002754211e-02 7.110376463970169425e-05
1.591831147670745850e-01 1.117497384548187256e-01 1.125666350126266479e-01 8.573728054761886597e-02 1.907874643802642822e-01 1.952440291643142700e-01 1.153980642557144165e-01 2.933367900550365448e-02
3.362099826335906982e-01 4.057909846305847168e-01 1.078906282782554626e-01 4.444200918078422546e-02 5.253877118229866028e-02 4.642388224601745605e-02 5.936090368777513504e-03 7.676390232518315315e-04
1.636317819356918335e-01 1.818739324808120728e-01 1.580648869276046753e-01 1.345487236976623535e-01 1.737684309482574463e-01 1.328067183494567871e-01 4.675240814685821533e-02 8.553123101592063904e-03
9.272386133670806885e-02 4.673230051994323730e-01 1.940313130617141724e-01 5.729274451732635498e-02 7.921588420867919922e-02 9.513873606920242310e-02 1.253615971654653549e-02 1.738294376991689205e-03
1.040180474519729614e-01 1.747128665447235107e-01 1.675087362527847290e-01 1.746870130300521851e-01 1.744417846202850342e-01 1.325144469738006592e-01 6.886057555675506592e-02 3.256527241319417953e-03
2.543769478797912598e-01 4.544221460819244385e-01 1.368773579597473145e-01 7.001753151416778564e-02 4.545454680919647217e-02 3.563208878040313721e-02 3.212504787370562553e-03 6.849690180388279259e-06
9.657586365938186646e-02 3.364675939083099365e-01 7.082108408212661743e-02 1.102077737450599670e-01 1.569932252168655396e-01 1.648182421922683716e-01 6.411623954772949219e-02 0.000000000000000000e+00
2.010947093367576599e-03 1.343228220939636230e-01 8.997767418622970581e-02 3.060368448495864868e-02 2.673494070768356323e-02 9.489849954843521118e-02 1.604207456111907959e-01 4.610306918621063232e-01
2.359129488468170166e-01 1.632687747478485107e-01 1.304264664649963379e-01 1.473682373762130737e-01 1.486895084381103516e-01 1.135329827666282654e-01 4.827515408396720886e-02 1.252592448145151138e-02
2.694563567638397217e-02 6.648094207048416138e-02 1.890329122543334961e-01 3.566539287567138672e-01 2.057944685220718384e-01 1.107519716024398804e-01 3.915419802069664001e-02 5.185923073440790176e-03
8.096423000097274780e-02 2.862081825733184814e-01 2.584842443466186523e-01 2.017426788806915283e-01 1.345412731170654297e-01 3.612493351101875305e-02 1.924156211316585541e-03 1.028960559779079631e-05
1.121543496847152710e-01 1.778628081083297729e-01 2.021581828594207764e-01 2.157522439956665039e-01 2.036270797252655029e-01 7.514578104019165039e-02 1.002211123704910278e-02 3.277448005974292755e-03
1.049648039042949677e-03 6.053434684872627258e-02 5.889472365379333496e-01 2.538408339023590088e-01 8.566186577081680298e-02 9.947990998625755310e-03 1.809738023439422250e-05 0.000000000000000000e+00
1.590585708618164062e-02 2.106673829257488251e-02 2.405276149511337280e-02 5.757497251033782959e-02 1.939209699630737305e-01 6.329602599143981934e-01 5.451841652393341064e-02 0.000000000000000000e+00
1.001837551593780518e-01 1.422671526670455933e-01 1.351130157709121704e-01 2.939403951168060303e-01 8.702077716588973999e-02 7.705730199813842773e-02 6.763231754302978516e-02 9.678528457880020142e-02
6.407923996448516846e-02 1.524035036563873291e-01 3.481528162956237793e-01 1.826494187116622925e-01 1.235023140907287598e-01 1.112327501177787781e-01 1.638972572982311249e-02 1.590212574228644371e-03
1.539570540189743042e-01 1.279843300580978394e-01 1.081434413790702820e-01 1.179301515221595764e-01 1.508684307336807251e-01 2.217221260070800781e-01 1.150685548782348633e-01 4.325905349105596542e-03
1.280553638935089111e-01 3.156501948833465576e-01 1.788606792688369751e-01 1.917878240346908569e-01 1.006849929690361023e-01 4.882584139704704285e-02 2.105675451457500458e-02 1.507834345102310181e-02
1.735171228647232056e-01 2.818402051925659180e-01 2.850308418273925781e-01 1.517162024974822998e-01 4.194637387990951538e-02 4.140157625079154968e-02 2.452073059976100922e-02 2.694585782592184842e-05
2.828979790210723877e-01 4.201462268829345703e-01 1.203805431723594666e-01 5.864011123776435852e-02 5.458410829305648804e-02 3.709710389375686646e-02 2.341688051819801331e-02 2.837046980857849121e-03
1.402801722288131714e-01 1.403568238019943237e-01 4.323909878730773926e-01 2.055522054433822632e-01 7.292475551366806030e-02 8.477934636175632477e-03 1.712384619168005884e-05 0.000000000000000000e+00
4.175983071327209473e-01 1.969984918832778931e-01 8.045094460248947144e-02 6.124991178512573242e-02 5.744034051895141602e-02 9.878264367580413818e-02 7.478111237287521362e-02 1.269824523478746414e-02
1.016083508729934692e-01 2.052303254604339600e-01 2.940105795860290527e-01 2.403229773044586182e-01 1.245037615299224854e-01 2.367999404668807983e-02 7.553478702902793884e-03 3.090530168265104294e-03
1.029944196343421936e-01 2.745599485933780670e-02 1.445873640477657318e-02 2.488484680652618408e-01 3.463155329227447510e-01 2.461913377046585083e-01 1.373337768018245697e-02 2.152398337784688920e-06
4.497751127928495407e-03 2.531710639595985413e-02 4.143581390380859375e-01 2.588719129562377930e-01 1.078930571675300598e-01 1.152801513671875000e-01 5.905104056000709534e-02 1.473085768520832062e-02
2.206840366125106812e-02 1.669947057962417603e-02 1.108464747667312622e-01 4.154771864414215088e-01 3.070850074291229248e-01 1.236306577920913696e-01 4.190028645098209381e-03 2.756597950792638585e-06
7.941944897174835205e-02 1.064065396785736084e-01 7.059716433286666870e-02 7.530855387449264526e-02 2.659771740436553955e-01 2.982638776302337646e-01 9.905999153852462769e-02 4.967256449162960052e-03
1.908454000949859619e-01 5.286281704902648926e-01 1.017081290483474731e-01 9.031824022531509399e-02 4.437045753002166748e-02 1.808946207165718079e-02 4.861054010689258575e-03 2.117907255887985229e-02
3.817374408245086670e-01 2.867500185966491699e-01 7.845424115657806396e-02 1.468742638826370239e-01 9.621898829936981201e-02 9.520259685814380646e-03 4.073249292559921741e-04 3.746620859601534903e-05
6.496632099151611328e-02 1.101318448781967163e-01 1.216685697436332703e-01 1.274955719709396362e-01 2.819235324859619141e-01 2.159726768732070923e-01 7.784147560596466064e-02 0.000000000000000000e+00
5.324416328221559525e-03 3.957386314868927002e-02 1.106969639658927917e-01 1.496202498674392700e-01 1.079887002706527710e-01 4.884933233261108398e-01 9.412955492734909058e-02 4.172942135483026505e-03
7.144676055759191513e-03 8.376649022102355957e-02 1.648139804601669312e-01 2.131075859069824219e-01 2.068359851837158203e-01 3.037246167659759521e-01 2.060668356716632843e-02 0.000000000000000000e+00
4.094719421118497849e-03 2.202168293297290802e-02 1.877022534608840942e-01 4.652824997901916504e-01 2.537117600440979004e-01 6.403443962335586548e-02 3.027239348739385605e-03 1.254169328603893518e-04
1.279849112033843994e-01 4.869609177112579346e-01 1.532353758811950684e-01 5.040828138589859009e-02 7.971994578838348389e-02 5.210070684552192688e-02 4.824334010481834412e-02 1.346526783891022205e-03
1.079417561413720250e-04 3.068684600293636322e-02 8.627761900424957275e-02 3.500681370496749878e-02 1.527567207813262939e-02 2.167937457561492920e-01 5.017064213752746582e-01 1.141449660062789917e-01
1.277595013380050659e-01 2.724808454513549805e-01 2.867446541786193848e-01 1.419115364551544189e-01 7.189795374870300293e-02 3.262216597795486450e-02 4.471893981099128723e-02 2.186441980302333832e-02
7.183045148849487305e-02 1.995652318000793457e-01 1.495356857776641846e-01 6.134843826293945312e-02 2.131770998239517212e-01 1.945210248231887817e-01 9.325905889272689819e-02 1.676301471889019012e-02
1.062625180929899216e-02 8.247137814760208130e-02 1.094169840216636658e-01 1.103352606296539307e-01 6.391146779060363770e-02 6.169930472970008850e-02 5.488275885581970215e-01 1.271175779402256012e-02
1.776032745838165283e-01 1.149449273943901062e-01 8.146777749061584473e-02 1.344265341758728027e-01 2.183056324720382690e-01 2.047068178653717041e-01 6.850622594356536865e-02 3.879833820974454284e-05
8.862993121147155762e-02 7.795003801584243774e-02 1.150458678603172302e-01 1.760711222887039185e-01 1.646484881639480591e-01 2.418852895498275757e-01 1.293116360902786255e-01 6.457627285271883011e-03
9.060385823249816895e-02 1.722592264413833618e-01 2.363747060298919678e-01 1.552976071834564209e-01 1.594029814004898071e-01 1.048267930746078491e-01 7.346072047948837280e-02 7.774112746119499207e-03
4.338692128658294678e-02 1.112410351634025574e-01 2.519982457160949707e-01 2.183321267366409302e-01 1.275053173303604126e-01 1.228834092617034912e-01 1.228909343481063843e-01 1.762013300321996212e-03
9.339053649455308914e-04 2.451545186340808868e-02 1.900593377649784088e-02 3.528695926070213318e-02 7.413829565048217773e-01 1.743700802326202393e-01 3.763551125302910805e-03 7.411891710944473743e-04
9.145734459161758423e-02 1.695908755064010620e-01 1.939965188503265381e-01 1.955202221870422363e-01 2.144558280706405640e-01 1.144894361495971680e-01 2.019574120640754700e-02 2.940311678685247898e-04
1.211402565240859985e-01 3.058794736862182617e-01 2.392081469297409058e-01 1.821065396070480347e-01 8.473581820726394653e-02 6.621371209621429443e-02 4.172454355284571648e-04 2.988015767186880112e-04
8.201507478952407837e-02 1.209341809153556824e-01 1.332003772258758545e-01 1.830207258462905884e-01 1.998603940010070801e-01 2.072755098342895508e-01 7.025189697742462158e-02 3.441834589466452599e-03
4.030413401778787374e-04 4.712524414062500000e-01 3.103055059909820557e-01 1.253213435411453247e-01 4.089054092764854431e-02 1.914264820516109467e-02 3.145719319581985474e-02 1.227278960868716240e-03
4.197388291358947754e-01 2.141730785369873047e-01 2.901345491409301758e-02 5.468434095382690430e-02 1.133212298154830933e-01 1.232109367847442627e-01 4.473837837576866150e-02 1.119755906984210014e-03
5.215721949934959412e-02 1.140223145484924316e-01 1.431291252374649048e-01 1.773472130298614502e-01 2.380924075841903687e-01 2.025628536939620972e-01 6.983421742916107178e-02 2.854646416381001472e-03
1.526784431189298630e-02 5.280574038624763489e-02 1.494760811328887939e-01 1.463311314582824707e-01 5.702479481697082520e-01 6.206917017698287964e-02 3.779249498620629311e-03 2.281089109601452947e-05
2.389609441161155701e-02 2.122753709554672241e-01 5.558060407638549805e-01 1.944562792778015137e-01 8.456581272184848785e-03 3.586771199479699135e-03 1.449055504053831100e-03 7.378500595223158598e-05
1.937756538391113281e-01 2.624966800212860107e-01 1.959336847066879272e-01 1.245610639452934265e-01 1.136390119791030884e-01 1.020361036062240601e-01 7.531878538429737091e-03 2.591512748040258884e-05
9.788858005777001381e-05 4.082821309566497803e-03 1.249876059591770172e-02 1.996704041957855225e-01 4.545437693595886230e-01 2.693893611431121826e-01 3.107528761029243469e-02 2.864170260727405548e-02
8.907540142536163330e-02 1.065632477402687073e-01 1.265401393175125122e-01 2.093660980463027954e-01 2.661527693271636963e-01 1.931420564651489258e-01 9.080631658434867859e-03 7.966937846504151821e-05
7.402753829956054688e-02 5.629384517669677734e-02 1.274175047874450684e-01 1.710878908634185791e-01 1.515031903982162476e-01 3.030706346035003662e-01 1.165041700005531311e-01 9.522173058940097690e-05
3.549460470676422119e-01 1.300632357597351074e-01 2.897247113287448883e-02 2.154812775552272797e-02 3.010050952434539795e-02 1.411350220441818237e-01 2.932338416576385498e-01 7.396974979201331735e-07
1.142800971865653992e-01 9.403684735298156738e-02 2.904537022113800049e-01 2.317073196172714233e-01 1.884506940841674805e-01 8.107133209705352783e-02 0.000000000000000000e+00 0.000000000000000000e+00
7.467353716492652893e-04 1.787031069397926331e-02 8.101145178079605103e-02 1.347343921661376953e-01 8.792808651924133301e-02 5.170722603797912598e-01 1.604640930891036987e-01 1.726825576042756438e-04
1.615390181541442871e-01 3.759264945983886719e-01 8.918723464012145996e-02 7.808899879455566406e-02 6.144585832953453064e-02 9.664486348628997803e-02 1.360081434249877930e-01 1.159391016699373722e-03
1.687172949314117432e-01 1.168332695960998535e-01 1.003861501812934875e-01 1.550246030092239380e-01 2.549327313899993896e-01 1.322636455297470093e-01 7.137518376111984253e-02 4.671151109505444765e-04
2.689759945496916771e-03 3.801527246832847595e-02 1.685160994529724121e-01 2.071220576763153076e-01 1.397198438644409180e-01 2.899561226367950439e-01 1.422619372606277466e-01 1.171891484409570694e-02
4.002207219600677490e-01 2.336011976003646851e-01 1.299280822277069092e-01 1.324652731418609619e-01 8.679067343473434448e-02 1.657738164067268372e-02 4.166666767559945583e-04 0.000000000000000000e+00
2.927712164819240570e-02 2.366172820329666138e-01 2.372519671916961670e-01 9.042248874902725220e-02 3.589989244937896729e-02 2.630174756050109863e-01 1.074064970016479492e-01 1.072812010534107685e-04
5.872673541307449341e-02 1.494483351707458496e-01 2.661188542842864990e-01 2.811587750911712646e-01 1.918170750141143799e-01 4.270825535058975220e-02 6.846158765256404877e-03 3.175811609253287315e-03
1.925949901342391968e-01 5.827689170837402344e-01 1.129145696759223938e-01 3.947439044713973999e-02 2.844453789293766022e-02 2.184400893747806549e-02 1.380469929426908493e-02 8.153874427080154419e-03
5.690402910113334656e-02 1.700520515441894531e-01 1.747765988111495972e-01 1.702811866998672485e-01 2.694624662399291992e-01 1.111875846982002258e-01 3.836749121546745300e-02 8.968601934611797333e-03
2.751588225364685059e-01 2.256034016609191895e-01 1.399413347244262695e-01 1.399559080600738525e-01 1.294484436511993408e-01 7.768934965133666992e-02 9.728451259434223175e-03 2.474302891641855240e-03
8.196759968996047974e-02 6.229494214057922363e-01 1.309933066368103027e-01 6.415437906980514526e-02 5.466559529304504395e-02 1.616690680384635925e-02 4.018997307866811752e-03 2.508378215134143829e-02
1.913272738456726074e-01 1.434471607208251953e-01 1.069204285740852356e-01 1.657832115888595581e-01 1.948799043893814087e-01 1.531829535961151123e-01 4.151942208409309387e-02 2.939640777185559273e-03
1.580191217362880707e-02 3.442025482654571533e-01 4.016730487346649170e-01 2.207541316747665405e-01 1.563600078225135803e-02 1.212957780808210373e-03 6.120557081885635853e-04 1.073537277989089489e-04
7.808411121368408203e-02 9.772565960884094238e-02 1.183976829051971436e-01 1.453084498643875122e-01 2.679795622825622559e-01 2.898023724555969238e-01 2.586607821285724640e-03 1.155496720457449555e-04
4.941662251949310303e-01 3.772378563880920410e-01 6.342525035142898560e-02 2.520121447741985321e-02 2.032213099300861359e-02 1.382391154766082764e-02 4.890392534434795380e-03 9.330292232334613800e-04
5.106555297970771790e-02 2.917104214429855347e-02 7.288122922182083130e-02 2.882710993289947510e-01 2.896039783954620361e-01 2.104572355747222900e-01 5.840515717864036560e-02 1.446957903681322932e-04
8.310768753290176392e-02 1.699825078248977661e-01 2.022337019443511963e-01 1.770576387643814087e-01 1.420754194259643555e-01 1.482315659523010254e-01 7.045950740575790405e-02 6.851963233202695847e-03
1.782757192850112915e-01 5.444084480404853821e-02 8.148851990699768066e-02 1.628339290618896484e-01 2.504432797431945801e-01 1.821804642677307129e-01 8.959171175956726074e-02 7.455129525624215603e-04
3.169063329696655273e-01 2.621729969978332520e-01 1.339561641216278076e-01 1.550090759992599487e-01 9.437184780836105347e-02 2.127164229750633240e-02 1.352154091000556946e-02 2.790397964417934418e-03
5.142869427800178528e-02 6.571593135595321655e-02 1.125710234045982361e-01 1.640237122774124146e-01 2.179784327745437622e-01 1.606530100107192993e-01 1.300772875547409058e-01 9.755190461874008179e-02
1.216672137379646301e-01 6.025290489196777344e-02 1.145786419510841370e-01 1.409405320882797241e-01 4.653280377388000488e-01 9.141060709953308105e-02 5.822044797241687775e-03 0.000000000000000000e+00
5.208650827407836914e-01 1.986823976039886475e-01 5.324547365307807922e-02 4.145241901278495789e-02 4.459844902157783508e-02 6.487863510847091675e-02 6.645936518907546997e-02 9.818195365369319916e-03
4.779180288314819336e-01 2.551792263984680176e-01 9.682159125804901123e-02 3.265875577926635742e-02 4.272162541747093201e-02 4.612397029995918274e-02 4.768825694918632507e-02 8.885322022251784801e-04
3.230103477835655212e-02 8.407729119062423706e-02 1.521441787481307983e-01 1.483346819877624512e-01 2.318185567855834961e-01 3.241839706897735596e-01 1.406324934214353561e-02 1.307705231010913849e-02
1.165075525641441345e-01 2.126145809888839722e-01 3.112177252769470215e-01 1.307091712951660156e-01 1.370373964309692383e-01 8.835723251104354858e-02 3.494541859254240990e-03 6.180822674650698900e-05
3.624959290027618408e-02 1.004310026764869690e-01 1.072088629007339478e-01 1.169019863009452820e-01 1.755741387605667114e-01 3.026804029941558838e-01 1.511419266462326050e-01 9.812087751924991608e-03
7.358674705028533936e-02 2.189165651798248291e-01 1.884151548147201538e-01 2.523641288280487061e-01 1.708496958017349243e-01 6.778503209352493286e-02 2.352401241660118103e-02 4.558655899018049240e-03
9.386830963194370270e-03 1.518363133072853088e-02 5.064114555716514587e-02 3.058805763721466064e-01 3.199268281459808350e-01 2.865089774131774902e-01 1.240159664303064346e-02 7.041615026537328959e-05
2.157163806259632111e-02 1.998308449983596802e-01 2.227426469326019287e-01 2.170059978961944580e-01 1.579382866621017456e-01 9.312386065721511841e-02 6.263286620378494263e-02 2.515385672450065613e-02
2.513498365879058838e-01 5.579107403755187988e-01 1.637627184391021729e-01 2.336878143250942230e-02 8.131058420985937119e-04 8.842025417834520340e-04 9.412801591679453850e-04 9.693182655610144138e-04
1.094533056020736694e-01 1.749095469713211060e-01 2.768518030643463135e-01 2.652363777160644531e-01 1.170739457011222839e-01 4.333577305078506470e-02 9.547004476189613342e-03 3.592238994315266609e-03
3.429154455661773682e-01 5.749264359474182129e-01 6.875093281269073486e-02 9.254406206309795380e-03 2.323592547327280045e-03 1.345057506114244461e-03 4.841293557547032833e-04 0.000000000000000000e+00
1.459444910287857056e-01 2.277787029743194580e-01 2.976020574569702148e-01 2.124341875314712524e-01 9.154150635004043579e-02 2.093148417770862579e-02 3.767561167478561401e-03 0.000000000000000000e+00
2.149779200553894043e-01 3.222874999046325684e-01 2.820572555065155029e-01 1.109525337815284729e-01 2.794511988759040833e-02 5.756190046668052673e-03 3.029490634799003601e-02 5.728591699153184891e-03
9.148268401622772217e-02 1.639979332685470581e-01 1.288225352764129639e-01 2.492064535617828369e-01 2.821184396743774414e-01 7.731661200523376465e-02 6.957552395761013031e-03 9.779455285752192140e-05
1.983125060796737671e-01 2.123140692710876465e-01 1.710459589958190918e-01 1.388176381587982178e-01 1.702471971511840820e-01 9.058120846748352051e-02 1.774268783628940582e-02 9.387395693920552731e-04
1.493723392486572266e-01 1.195473149418830872e-01 1.497553735971450806e-01 6.678680330514907837e-02 4.997579753398895264e-01 1.134673971682786942e-02 2.214677399024367332e-03 1.218769000843167305e-03
1.032781749963760376e-01 6.085264086723327637e-01 2.193853408098220825e-01 4.398739337921142578e-02 1.568163931369781494e-02 4.617809318006038666e-03 2.631993731483817101e-03 1.891252934001386166e-03
1.372382342815399170e-01 2.329491823911666870e-01 3.281848728656768799e-01 1.901321262121200562e-01 7.707196474075317383e-02 3.435740247368812561e-02 6.621146894758567214e-05 0.000000000000000000e+00
1.211373731493949890e-01 9.908848255872726440e-02 1.390800476074218750e-01 1.961293518543243408e-01 2.061562538146972656e-01 1.740846633911132812e-01 6.060174107551574707e-02 3.722076304256916046e-03
4.429036006331443787e-02 1.661616116762161255e-01 2.409461885690689087e-01 1.631198972463607788e-01 1.494207680225372314e-01 1.903241425752639771e-01 4.480111971497535706e-02 9.359127725474536419e-04
7.563612598460167646e-05 9.389311890117824078e-05 6.550784222781658173e-03 2.619652748107910156e-01 5.671683549880981445e-01 1.582759767770767212e-01 4.725084640085697174e-03 1.144974492490291595e-03
1.855068467557430267e-02 7.713428139686584473e-02 1.137254685163497925e-01 2.193764448165893555e-01 3.093207180500030518e-01 2.265735268592834473e-01 3.515802323818206787e-02 1.608285820111632347e-04
7.442970573902130127e-02 2.129906266927719116e-01 1.534506082534790039e-01 4.313770681619644165e-02 1.948550790548324585e-01 3.122119605541229248e-01 4.226387944072484970e-03 4.697909113019704819e-03
6.170681491494178772e-02 1.154305040836334229e-01 2.214644700288772583e-01 2.999298870563507080e-01 1.639463156461715698e-01 8.471037447452545166e-02 4.327023401856422424e-02 9.541383944451808929e-03
4.196383655071258545e-01 5.125603079795837402e-01 6.258894503116607666e-02 9.986938675865530968e-04 8.631125092506408691e-04 1.698754262179136276e-03 1.644698902964591980e-03 7.089219707268057391e-06
1.457730401307344437e-02 3.144518136978149414e-01 2.033630311489105225e-01 2.649011611938476562e-01 1.700939089059829712e-01 2.498633041977882385e-02 3.577881027013063431e-03 4.048574715852737427e-03
1.748116016387939453e-01 3.272510170936584473e-01 3.237803876399993896e-01 2.438320033252239227e-02 8.570580184459686279e-02 4.074603319168090820e-02 1.381837576627731323e-02 9.503575973212718964e-03
7.685570418834686279e-02 2.550068199634552002e-01 1.717558950185775757e-01 1.181207522749900818e-01 6.768463551998138428e-02 1.925695687532424927e-01 1.180066317319869995e-01 0.000000000000000000e+00
6.333149503916501999e-04 1.208396535366773605e-02 4.110343158245086670e-01 2.353138476610183716e-01 4.577746987342834473e-02 1.329279243946075439e-01 1.621149778366088867e-01 1.141690227086655796e-04
3.118010461330413818e-01 2.853479683399200439e-01 1.682503819465637207e-01 5.765363946557044983e-02 9.130554646253585815e-02 6.446667760610580444e-02 1.569494418799877167e-02 5.479801446199417114e-03
9.890007972717285156e-02 2.191144973039627075e-01 2.566490173339843750e-01 1.252158731222152710e-01 8.678742498159408569e-02 7.542352378368377686e-02 1.310491263866424561e-01 6.860469933599233627e-03
1.923841089010238647e-01 1.925001442432403564e-01 6.035475805401802063e-02 6.132319942116737366e-02 9.206288307905197144e-02 3.000505268573760986e-01 9.982670098543167114e-02 1.497671590186655521e-03
2.094144076108932495e-01 1.639791131019592285e-01 2.046788632869720459e-01 2.461722344160079956e-01 1.133901625871658325e-01 4.688772186636924744e-02 1.329883839935064316e-02 2.178649185225367546e-03
5.391841381788253784e-02 5.080322176218032837e-02 6.909315288066864014e-02 3.779326081275939941e-01 4.030991792678833008e-01 2.409827709197998047e-02 2.077807672321796417e-02 2.770837454590946436e-04
2.876916825771331787e-01 2.035420835018157959e-01 1.241491958498954773e-01 2.357553541660308838e-01 1.197778135538101196e-01 2.874354645609855652e-02 8.019089000299572945e-05 2.601314336061477661e-04
9.628817439079284668e-02 1.843853294849395752e-01 2.133935987949371338e-01 1.887240260839462280e-01 1.537596881389617920e-01 1.421409398317337036e-01 2.129743993282318115e-02 1.080814035958610475e-05
1.659612208604812622e-01 1.992743611335754395e-01 4.314116388559341431e-02 1.805128753185272217e-01 2.066909521818161011e-01 1.867449432611465454e-01 1.767448149621486664e-02 0.000000000000000000e+00
3.812810033559799194e-02 1.655797958374023438e-01 2.935749292373657227e-01 3.914764896035194397e-02 1.146688461303710938e-01 2.570651173591613770e-01 9.172177314758300781e-02 1.138176157837733626e-04
1.541400700807571411e-01 4.110748693346977234e-02 1.012815088033676147e-01 5.471698194742202759e-02 4.088523089885711670e-01 2.396604716777801514e-01 2.411689638392999768e-04 0.000000000000000000e+00
5.027556419372558594e-02 9.742169827222824097e-02 1.679417192935943604e-01 4.149377942085266113e-01 2.535741627216339111e-01 1.380552258342504501e-02 2.043544780462980270e-03 0.000000000000000000e+00
1.139864549040794373e-01 5.310578271746635437e-02 1.338254474103450775e-02 1.947232708334922791e-02 1.863796710968017578e-01 5.803650617599487305e-01 3.330813348293304443e-02 0.000000000000000000e+00
1.016767546534538269e-01 2.745180130004882812e-01 1.676947474479675293e-01 9.406997263431549072e-02 1.018810644745826721e-01 2.105060666799545288e-01 4.772756248712539673e-02 1.925804303027689457e-03
3.827784582972526550e-02 5.761110410094261169e-02 1.372335702180862427e-01 1.809141337871551514e-01 3.011763989925384521e-01 2.775031626224517822e-01 7.281408179551362991e-03 2.365117325098253787e-06
2.617498934268951416e-01 5.574566498398780823e-02 2.036087960004806519e-02 2.143776267766952515e-01 2.367490381002426147e-01 1.168060675263404846e-01 8.433350920677185059e-02 9.877330623567104340e-03
1.444397401064634323e-02 1.231820881366729736e-01 2.776929736137390137e-01 3.912052512168884277e-01 1.354371905326843262e-01 5.499117076396942139e-02 1.129320356994867325e-03 1.918038935400545597e-03
8.270340412855148315e-02 1.394398510456085205e-01 1.108149364590644836e-01 1.216873750090599060e-01 1.935649365186691284e-01 2.057334780693054199e-01 1.368572413921356201e-01 9.198777377605438232e-03
1.634556502103805542e-01 2.052070945501327515e-01 1.814877986907958984e-01 1.553965061902999878e-01 1.237718611955642700e-01 9.820886701345443726e-02 5.697954446077346802e-02 1.549265440553426743e-02
1.058281734585762024e-01 6.877347826957702637e-02 1.639495939016342163e-01 1.213330551981925964e-01 1.377010494470596313e-01 4.005884528160095215e-01 1.820979639887809753e-03 5.205773959460202605e-06
1.861857436597347260e-02 5.325673148036003113e-02 8.898209780454635620e-02 9.456653147935867310e-02 1.986963748931884766e-01 3.171268701553344727e-01 2.250315546989440918e-01 3.721241839230060577e-03
7.533186674118041992e-02 1.986733525991439819e-01 2.189160436391830444e-01 1.430774778127670288e-01 9.042336791753768921e-02 2.060447037220001221e-01 6.751913577318191528e-02 1.405167677148710936e-05
8.878009766340255737e-02 5.107098072767257690e-02 5.004593357443809509e-02 1.631612032651901245e-01 2.725751996040344238e-01 2.897036075592041016e-01 6.987234950065612793e-02 1.479063928127288818e-02
9.716131538152694702e-02 2.890273034572601318e-01 3.351449072360992432e-01 2.030211240053176880e-01 5.404269322752952576e-02 8.452995680272579193e-03 2.668438246473670006e-03 1.048120111227035522e-02
3.567093014717102051e-01 1.830193400382995605e-01 2.642472088336944580e-01 1.344396322965621948e-01 5.062441527843475342e-02 6.983513478189706802e-03 1.803219667635858059e-03 2.173373941332101822e-03
1.202383264899253845e-01 1.061577871441841125e-01 4.039447382092475891e-02 2.078640460968017578e-01 1.710308045148849487e-01 3.399326801300048828e-01 1.437013223767280579e-02 1.174030421680072322e-05
1.209953799843788147e-01 3.119831383228302002e-01 1.805727630853652954e-01 1.170665919780731201e-01 2.146551311016082764e-01 4.384536668658256531e-02 1.050313375890254974e-02 3.784913278650492430e-04
2.666499614715576172e-01 2.303573340177536011e-01 3.802626579999923706e-02 1.271428316831588745e-01 2.308924347162246704e-01 1.061176136136054993e-01 5.944252479821443558e-04 2.191262028645724058e-04
4.010360315442085266e-02 2.222004532814025879e-01 2.728977799415588379e-01 1.884883940219879150e-01 1.273484230041503906e-01 9.730739146471023560e-02 4.805715009570121765e-02 3.596801543608307838e-03
